0.25,0.0,0.25,0.0,0.125,0.0,0.0,0.0,0.0,0.25,0.0,0.0,0.0,0.0,0.0,0.0,0.0,0.0,0.0,0.0,0.0,0.0,0.0,0.0,0.0625,0.03125,0.03125,0.0,0.0,0.0,0.0,0.0,0.0,0.0,0.0,0.0,0.0
0.15625,0.00390625,0.25,0.0,0.009765625,0.0,0.015625,0.03125,0.0,0.0625,0.0625,0.03125,0.03125,0.015625,0.0390625,0.01953125,0.0048828125,0.0,0.0,0.0,0.0,0.0,0.0625,0.0,0.15625,0.015625,0.015625,0.0,0.0,0.0078125,0.0,0.0,0.00390625,0.0,0.0048828125,0.0,0.0
0.203125,0.00634765625,0.203125,0.0,0.0133972167969,0.0,0.009765625,0.0390625,0.0,0.1015625,0.046875,0.0390625,0.02294921875,0.019287109375,0.0291748046875,0.0219116210938,0.00914001464844,0.03125,0.0078125,0.0,0.0,0.0,0.046875,0.00390625,0.1015625,0.009765625,0.009765625,0.0,0.0,0.0087890625,0.0,0.0,0.00634765625,0.0,0.00914001464844,0.0,0.0
0.203125,0.0069580078125,0.203125,0.0287399291992,0.0256872177124,0.0,0.00634765625,0.041015625,0.0,0.07421875,0.04296875,0.041015625,0.0402145385742,0.0297508239746,0.0294628143311,0.0256872177124,0.00914001464844,0.03955078125,0.0087890625,0.00244140625,0.0,0.01318359375,0.03955078125,0.00634765625,0.0192527770996,0.0192527770996,0.0048828125,0.0,0.0,0.007568359375,0.0,0.00244140625,0.0069580078125,0.01318359375,0.00914001464844,0.0,0.0
0.11118888855,0.00685119628906,0.203125,0.0143699645996,0.0185935199261,0.0143699645996,0.0069580078125,0.0455322265625,0.0,0.048828125,0.050048828125,0.0455322265625,0.0329508781433,0.031350851059,0.030406832695,0.0280470252037,0.0138667672873,0.03955078125,0.007568359375,0.00244140625,0.0,0.01318359375,0.048828125,0.0069580078125,0.0652208328247,0.0652208328247,0.00592041015625,0.0,0.0,0.00674438476562,0.0,0.00244140625,0.00685119628906,0.01318359375,0.0138667672873,0.0,0.0
0.145664930344,0.0104210972786,0.145664930344,0.0328286886215,0.0218270272017,0.0328286886215,0.00711059570312,0.0470733642578,0.0006103515625,0.041060321033,0.0486145019531,0.0470733642578,0.033945672214,0.0326482616365,0.0315275490284,0.0297872871161,0.0178468972445,0.044189453125,0.00726318359375,0.0018310546875,0.0,0.01318359375,0.044189453125,0.00711059570312,0.041060321033,0.0355706214905,0.0211842060089,0.0,0.0,0.0139909982681,0.0006103515625,0.0018310546875,0.0104210972786,0.01318359375,0.0178468972445,0.0,0.0
0.145664930344,0.0127111338079,0.145664930344,0.0369445048273,0.0300041940063,0.0328286886215,0.00714874267578,0.0474586486816,0.000762939453125,0.042624887079,0.0478439331055,0.0474586486816,0.0305916592479,0.0289146527648,0.0302211008966,0.0300041940063,0.0178468972445,0.0434071719646,0.00718688964844,0.00651675462723,0.0,0.01318359375,0.0434071719646,0.00714874267578,0.0369445048273,0.0233865380287,0.017796292901,0.00030517578125,0.0,0.0150011703372,0.000762939453125,0.00651675462723,0.0127111338079,0.01318359375,0.0178468972445,0.0,0.0
0.092724815011,0.0132836429402,0.145664930344,0.034886598587,0.026752287522,0.034886598587,0.0152724087238,0.0475549697876,0.000648498535156,0.0397846959531,0.0476512908936,0.0475549697876,0.0272586029023,0.0280866287649,0.0291538648307,0.0295790284872,0.0222995914519,0.0434071719646,0.00716781616211,0.00651675462723,0.0032958984375,0.0190915390849,0.0249994844198,0.00715827941895,0.092724815011,0.0165343508124,0.0165343508124,0.000534057617188,0.0,0.0138561520725,0.000648498535156,0.00651675462723,0.0132836429402,0.0190915390849,0.0222995914519,0.0032958984375,0.0
0.119194872677,0.0134267695248,0.119194872677,0.034886598587,0.0485113337636,0.034886598587,0.0133689064533,0.0466077663004,0.00208695232868,0.045447923243,0.0456605628133,0.0466077663004,0.0258922725916,0.0269894506782,0.0280716568232,0.0288253426552,0.0234127659351,0.0342033281922,0.00919158011675,0.00828762166202,0.00724480859935,0.0208950303495,0.045447923243,0.0102034620941,0.0485113337636,0.0133689064533,0.0100584886968,0.000591278076172,0.0,0.0135698970407,0.00208695232868,0.00828762166202,0.0134267695248,0.0208950303495,0.0234127659351,0.00724480859935,0.0
0.0771114230156,0.013041516766,0.101523987949,0.0471282228827,0.0323161035776,0.0471282228827,0.0107418522239,0.0462259873748,0.00326320109889,0.0526988506317,0.0458442047238,0.0462259873748,0.0309271607548,0.0289583057165,0.0285149812698,0.0286701619625,0.027864433825,0.0398256257176,0.011280243285,0.00673745432869,0.00713988393545,0.0239214003086,0.0269477721304,0.0107418522239,0.0771114230156,0.012555767782,0.012555767782,0.00133911520243,0.00351747986861,0.0126562630758,0.00326320109889,0.00673745432869,0.013041516766,0.0239214003086,0.027864433825,0.00713988393545,0.00351747986861
0.0893177092075,0.0124363480136,0.0893177092075,0.0509209930897,0.0299676842988,0.0546240210533,0.0111031895503,0.0469396486878,0.00500032771379,0.0390582345426,0.0476533100009,0.0469396486878,0.0390725620091,0.0340154320002,0.031265206635,0.0299676842988,0.027864433825,0.0333866998553,0.0114645268768,0.00775775127113,0.0062342826277,0.0262877251953,0.0390582345426,0.0111031895503,0.0312849022448,0.0312849022448,0.0108134690672,0.00230115815066,0.00442308094352,0.0118311792612,0.00230115815066,0.00775775127113,0.0124363480136,0.0262877251953,0.027864433825,0.0062342826277,0.00442308094352
0.0748095065355,0.0118404980749,0.0748095065355,0.0565369054675,0.0312454458326,0.0527725070715,0.0212392136455,0.0471180640161,0.00331334676594,0.0390582345426,0.0472964793444,0.0471180640161,0.0348445028067,0.0344299674034,0.0325232073665,0.0312454458326,0.027864433825,0.0362224653363,0.0112838577479,0.00872454047203,0.0112476432696,0.0212743654847,0.0362224653363,0.0111935231835,0.0565369054675,0.0212392136455,0.0106581188738,0.00297595048323,0.00442308094352,0.0112446490675,0.00331334676594,0.00872454047203,0.0118404980749,0.0212743654847,0.027864433825,0.0112476432696,0.00442308094352
0.0748095065355,0.011691535823,0.0748095065355,0.0546547062695,0.0304213427007,0.0546547062695,0.014983240515,0.046155191958,0.00601894361898,0.0398560650647,0.0451923161745,0.046155191958,0.039367839694,0.0368989035487,0.0347110554576,0.0329782515764,0.0291428882629,0.0362224653363,0.0137501126155,0.00853153597564,0.0107948426157,0.0187676846981,0.0398560650647,0.014983240515,0.0323644392192,0.0323644392192,0.00833853147924,0.00314464862458,0.00738256191835,0.0115425735712,0.00314464862458,0.00853153597564,0.011691535823,0.0187676846981,0.0291428882629,0.0107948426157,0.00738256191835
0.0562472715974,0.0112351700664,0.0641982406378,0.0546547062695,0.0337389148772,0.0546547062695,0.0202607251704,0.0451270826161,0.00727523956448,0.0431677848101,0.0440989732742,0.0451270826161,0.0359670184553,0.0364329591393,0.0344995781779,0.0337389148772,0.0291428882629,0.0380392670631,0.018711976707,0.00858833640814,0.0109383780509,0.0167744737118,0.0431677848101,0.016847608611,0.0562472715974,0.0144529305398,0.0144529305398,0.00314464862458,0.00923223700374,0.0107788033783,0.00314464862458,0.00858833640814,0.0112351700664,0.0167744737118,0.0291428882629,0.0109383780509,0.00923223700374
0.0602227561176,0.0111210783944,0.0602227561176,0.0550528466702,0.044892385602,0.0550528466702,0.0185936186463,0.0446251407266,0.00469362037256,0.0362345315516,0.0441232025623,0.0446251407266,0.0350431352854,0.0357380472124,0.0349286496639,0.0343337804079,0.0291428882629,0.0408484376967,0.0186330713332,0.0100544849411,0.0105118425563,0.0227929651737,0.0362345315516,0.0185936186463,0.0296726580709,0.0296726580709,0.011520633474,0.00417729653418,0.00965877249837,0.0110069867224,0.00469362037256,0.0100544849411,0.0111210783944,0.0227929651737,0.0291428882629,0.0105118425563,0.00965877249837
0.0525852292776,0.0110925547779,0.0525852292776,0.052526563406,0.0398893654346,0.052526563406,0.0199883617461,0.0444996580482,0.00590475555509,0.0362345315516,0.0443741716444,0.0444996580482,0.0412447340786,0.0384913906455,0.0367100201547,0.035521902144,0.0307376421988,0.0385414846241,0.0213831048459,0.00975091382861,0.0135821234435,0.0197226852179,0.0385414846241,0.0199883617461,0.0320112518966,0.0320112518966,0.00944734364748,0.00443545822054,0.00965877249837,0.0110640320927,0.00590475555509,0.00975091382861,0.0110925547779,0.0197226852179,0.0307376421988,0.0135821234435,0.00965877249837
0.0468321815133,0.0107803363353,0.0525852292776,0.04739773646,0.0368951223791,0.04739773646,0.0261741504073,0.0434429869056,0.00649897102267,0.0403357222676,0.0423863194883,0.0434429869056,0.0411619357765,0.0398266613483,0.0382683426142,0.0368951223791,0.0307376421988,0.0385414846241,0.0206857323647,0.00919425114989,0.0133688561618,0.0236598141491,0.0275969449431,0.0203370470554,0.0468321815133,0.0261741504073,0.00985794141889,0.00517010688782,0.0114071806893,0.0104681178927,0.00649897102267,0.00919425114989,0.0107803363353,0.0236598141491,0.0307376421988,0.0133688561618,0.0114071806893
0.0497087053955,0.0107022821903,0.0497087053955,0.0472563505173,0.0378715470433,0.0472563505173,0.0240288227797,0.0427904129028,0.00616675522178,0.0445021577179,0.0421378389001,0.0427904129028,0.0390285290778,0.0394275933504,0.0388479679823,0.0378715470433,0.0307376421988,0.0294304955751,0.023429941386,0.00936017371714,0.0159415956587,0.0247257947922,0.0294304955751,0.021883495152,0.0445021577179,0.016777459532,0.016777459532,0.00583453895524,0.0114071806893,0.010624227114,0.00616675522178,0.00936017371714,0.0107022821903,0.0247257947922,0.0307376421988,0.0159415956587,0.0114071806893
0.0497087053955,0.0114421658218,0.0497087053955,0.0472563505173,0.0383338406682,0.0472563505173,0.0230746045709,0.0428820252419,0.00616675522178,0.0439926497638,0.0429736338556,0.0428820252419,0.0388390496373,0.0387443080544,0.0387961380184,0.0383338406682,0.0307376421988,0.0294304955751,0.0231930501759,0.00936017371714,0.0148079916835,0.0259019695222,0.0270781442523,0.0230746045709,0.0303850546479,0.0303850546479,0.0137398708612,0.00600064732134,0.0125407837331,0.0121820494533,0.00600064732134,0.00936017371714,0.0114421658218,0.0259019695222,0.0307376421988,0.0148079916835,0.0125407837331
0.0497087053955,0.0119143500924,0.0497087053955,0.0430385246873,0.0385578125715,0.0430385246873,0.0240180231631,0.0430437549949,0.00772193726152,0.0352577418089,0.0432054847479,0.0430437549949,0.0366873964667,0.0377158522606,0.0382559970021,0.0382949188352,0.0326366946101,0.0323441177607,0.0249614398926,0.0115256775171,0.0157696381211,0.0259840600193,0.0260661486536,0.0240180231631,0.0385578125715,0.0196604244411,0.013691181317,0.00604217406362,0.014636034146,0.012386534363,0.00604217406362,0.0115256775171,0.0119143500924,0.0259840600193,0.0326366946101,0.0157696381211,0.014636034146
0.0452534407377,0.0125980665907,0.0469209849834,0.0433122068644,0.0381287634373,0.0433122068644,0.0242538768798,0.0430841892958,0.00688205566257,0.0306619442999,0.0431246198714,0.0430841892958,0.0376226045191,0.0376692265272,0.0379626117647,0.0381287634373,0.0326366946101,0.0315030291677,0.0244897305965,0.0115256775171,0.0154862366617,0.0259840600193,0.0315030291677,0.0242538768798,0.0452534407377,0.0166758038104,0.014413123019,0.0064621148631,0.0149194356054,0.013281783089,0.0064621148631,0.0115256775171,0.0125980665907,0.0259840600193,0.0326366946101,0.0154862366617,0.0149194356054
0.0460872128606,0.012931773439,0.0460872128606,0.0433122068644,0.0395378805697,0.0433122068644,0.024312838912,0.0415415167809,0.00920386612415,0.0410632528365,0.0399988442659,0.0415415167809,0.0377608016133,0.0378298982978,0.0378962531686,0.0380125083029,0.0326366946101,0.0288110598922,0.0243718028069,0.0116670858115,0.0181106925011,0.0260515734553,0.0288110598922,0.024312838912,0.0395378805697,0.0142421489581,0.0135910362005,0.0064621148631,0.0149194356054,0.0132654802874,0.0064621148631,0.0116670858115,0.012931773439,0.0260515734553,0.0326366946101,0.0181106925011,0.0149194356054
0.0428125485778,0.013015200384,0.0460872128606,0.0433122068644,0.0380402207375,0.0433122068644,0.0230687446892,0.0410960651934,0.0104354759678,0.0350567214191,0.040650613606,0.0410960651934,0.0386493429542,0.038239620626,0.0380679368973,0.0380402207375,0.0326366946101,0.031933888793,0.0218246486038,0.011051280424,0.0173128787428,0.0275221522897,0.0289927311242,0.0230687446892,0.0428125485778,0.0164342653006,0.0164342653006,0.0064621148631,0.0157172493637,0.0130986273289,0.0064621148631,0.011051280424,0.013015200384,0.0275221522897,0.0326366946101,0.0173128787428,0.0157172493637
0.0424471758306,0.0134582258761,0.0444498807192,0.0433122068644,0.0381101444364,0.0433122068644,0.0195959918201,0.0402297824621,0.00844879541546,0.035453889519,0.0393635034561,0.0402297824621,0.0383447818458,0.0382921993732,0.0381800681353,0.0381101444364,0.0326366946101,0.0304633099586,0.0224466957152,0.011051280424,0.0198651961982,0.0249698348343,0.035453889519,0.0227577202022,0.0424471758306,0.0195959918201,0.0147455893457,0.00745545513928,0.0157172493637,0.0139012513682,0.00745545513928,0.011051280424,0.0134582258761,0.0249698348343,0.0326366946101,0.0198651961982,0.0157172493637
0.0434485301375,0.013568982482,0.0434485301375,0.0429878234863,0.0354008711874,0.0430959500372,0.0214943159372,0.0394162237644,0.00975003838539,0.0378418341279,0.038602668792,0.0394162237644,0.0382274612784,0.0382598303258,0.0382199510932,0.0381650477648,0.0340187847614,0.0329586006701,0.0218117758632,0.0116495471448,0.0198651961982,0.0269670262933,0.0289642177522,0.0214943159372,0.0312919095159,0.021769862622,0.021769862622,0.00745545513928,0.0157172493637,0.0136797390878,0.00745545513928,0.0116495471448,0.013568982482,0.0269670262933,0.0340187847614,0.0198651961982,0.0157172493637
0.0434485301375,0.0135966716334,0.0434485301375,0.0401179082692,0.0377574712038,0.0401179082692,0.0216717720032,0.0390160381794,0.00860274676234,0.0378844477236,0.0386158488691,0.0390160381794,0.0375189371407,0.0378893837333,0.0373498983681,0.0377574712038,0.0340187847614,0.0309614092112,0.0216530449688,0.0141796255484,0.0188282094896,0.0279656220227,0.0289642177522,0.0215736813843,0.0378844477236,0.0216717720032,0.0167097039521,0.00802910141647,0.0167542360723,0.0136243607849,0.00802910141647,0.0141796255484,0.0135966716334,0.0279656220227,0.0340187847614,0.0188282094896,0.0167542360723
0.0420575104654,0.0136035941541,0.0420575104654,0.04032362625,0.0376953668892,0.0402550548315,0.0216510389,0.0387995541096,0.00824421830475,0.0383501946926,0.0385830700397,0.0387995541096,0.0375363081694,0.0377128459513,0.0376332625747,0.0376953668892,0.0340187847614,0.0299628134817,0.0216378867626,0.0148121453822,0.0183097161353,0.0284649208188,0.0289642177522,0.0216303057969,0.04032362625,0.0216510389,0.0154446642846,0.00817251298577,0.0172727294266,0.0136105157435,0.00824421830475,0.0148121453822,0.0136035941541,0.0284649208188,0.0340187847614,0.0183097161353,0.0172727294266
0.0404248461127,0.0138354580849,0.0420575104654,0.0402893424034,0.0377542153001,0.0402893424034,0.0216455087066,0.038689263165,0.00986827351153,0.0338781997561,0.0385789722204,0.038689263165,0.0382729023695,0.0379928722978,0.0378130674362,0.0377542153001,0.0340187847614,0.0294635146856,0.0216392800212,0.0131701640785,0.0180504694581,0.0287145692855,0.0338781997561,0.0216399766505,0.0404248461127,0.0216455087066,0.0145241292194,0.00820836611092,0.0175319761038,0.0140673220158,0.00986827351153,0.0131701640785,0.0138354580849,0.0287145692855,0.0340187847614,0.0180504694581,0.0175319761038
0.0391794107854,0.0139650162309,0.0412411764264,0.0403232201934,0.0378311797976,0.0403232201934,0.0216418765485,0.0386616885662,0.0102787688375,0.03439424932,0.0386341176927,0.0386616885662,0.0380135588348,0.0380032137036,0.0379081405699,0.0378311797976,0.0340187847614,0.0316708572209,0.0216410122812,0.0123446919024,0.0192538574338,0.0260485447943,0.03439424932,0.0216418765485,0.030412459746,0.030412459746,0.0142377596349,0.00903831981122,0.0189946107566,0.0140945743769,0.0102787688375,0.0123446919024,0.0139650162309,0.0260485447943,0.0340187847614,0.0192538574338,0.0189946107566
0.0363068208098,0.0139974057674,0.0402102917433,0.0403232201934,0.037883322686,0.0403232201934,0.0243825763464,0.0386547967792,0.00996865704656,0.0324033536017,0.0386479049921,0.0386547967792,0.0379223674536,0.0379627905786,0.0379354655743,0.037883322686,0.0340187847614,0.0330325514078,0.0238340906799,0.0123446919024,0.0192538574338,0.027794547379,0.0295405481011,0.0227379836142,0.0363068208098,0.0193101689219,0.0193101689219,0.00965854432434,0.0189946107566,0.0140297953039,0.00996865704656,0.0123446919024,0.0139974057674,0.027794547379,0.0340187847614,0.0192538574338,0.0189946107566
0.0382585562766,0.0140055026859,0.0382585562766,0.0383150205016,0.0359637588263,0.0403232201934,0.0214694514871,0.038653075695,0.0104851378128,0.0304351747036,0.0386513508856,0.038653075695,0.0379028469324,0.0379328206182,0.0379341430962,0.0379087328911,0.0349912717938,0.0320022515953,0.0236971862614,0.0137890568003,0.0191890448332,0.0288464725018,0.0304351747036,0.0236287340522,0.0383150205016,0.0214694514871,0.0152334216982,0.00981360115111,0.0190594233572,0.0140136005357,0.0104851378128,0.0137890568003,0.0140055026859,0.0288464725018,0.0349912717938,0.0191890448332,0.0190594233572
0.0382867902517,0.0140075273812,0.0382585562766,0.0393191203475,0.0361809879541,0.0393191203475,0.0228361152112,0.0386526435614,0.0111432336271,0.0304351747036,0.0386522114277,0.0386526435614,0.0374195463955,0.0376761853695,0.0378051623702,0.0373707041144,0.035586129874,0.0306256525218,0.0231231395155,0.0145166609436,0.0191890448332,0.0294395331293,0.0306256525218,0.0228361152112,0.0382867902517,0.0183514356613,0.0152442660183,0.0101493690163,0.0190594233572,0.0140095520765,0.0111432336271,0.0145166609436,0.0140075273812,0.0294395331293,0.035586129874,0.0191890448332,0.0190594233572
0.0382726714015,0.0140080340207,0.0382726714015,0.0393191203475,0.0371859483421,0.0393191203475,0.022907871753,0.0376253500581,0.0128299472854,0.0364153496921,0.0365980602801,0.0376253500581,0.0370976962149,0.0373869389296,0.0375960506499,0.0371859483421,0.035586129874,0.0306256525218,0.0229796282947,0.0142768835649,0.0204379502684,0.026876911521,0.0306256525218,0.022907871753,0.0273833926767,0.0207102485001,0.0207102485001,0.0106463013217,0.0203731395304,0.0140085397288,0.0106463013217,0.0142768835649,0.0140080340207,0.026876911521,0.035586129874,0.0204379502684,0.0203731395304
0.0358119644225,0.0140081606805,0.035550352186,0.0376963466406,0.0373080819845,0.0376963466406,0.0226511079818,0.0372814834118,0.0135534154251,0.0336945876479,0.0369376167655,0.0372814834118,0.0371418222785,0.037264380604,0.037430215627,0.0373080819845,0.035586129874,0.0306256525218,0.0223943442106,0.0157043579966,0.0204217471182,0.026876911521,0.0336945876479,0.0226511079818,0.0288105122745,0.0288105122745,0.017131831497,0.0106463013217,0.0203893426806,0.0140082873404,0.0106463013217,0.0157043579966,0.0140081606805,0.026876911521,0.035586129874,0.0204217471182,0.0203893426806
0.0339307934046,0.0143094342202,0.0339307934046,0.035676933825,0.0368580296636,0.0363500714302,0.0233568437397,0.0371955186129,0.0120998583734,0.0329273529351,0.0371095500886,0.0371955186129,0.0367944650352,0.0370294228196,0.0372298210859,0.0372689515352,0.0362220779061,0.0321601182222,0.024062577635,0.0160612277687,0.0212205424905,0.025263119489,0.0329273529351,0.0233568437397,0.0307038724422,0.0307038724422,0.0152131281793,0.0113730803132,0.0212043393403,0.0146107077599,0.0113730803132,0.0160612277687,0.0143094342202,0.025263119489,0.0362220779061,0.0212205424905,0.0212043393403
0.0339307934046,0.0143847521394,0.0339307934046,0.0348972268403,0.0366406776011,0.0347702354193,0.0235332772136,0.0371740274131,0.0116456225514,0.0329273529351,0.0371525362134,0.0371740274131,0.0359093397856,0.0364693813026,0.0368496030569,0.0370592772961,0.0364313796163,0.032543733716,0.0237097106874,0.0158492028713,0.0222311876714,0.024252474308,0.032543733716,0.0235332772136,0.0328005477786,0.0242188628763,0.0242188628763,0.0115547748283,0.0212043393403,0.01446007099,0.0116456225514,0.0158492028713,0.0143847521394,0.024252474308,0.0364313796163,0.0222311876714,0.0212043393403
0.0333656705916,0.0144035816193,0.0339307934046,0.0348337292671,0.0366234406829,0.0348337292671,0.0237695779651,0.0366378203034,0.0137474127114,0.0337972119451,0.0361016131938,0.0366378203034,0.036327239126,0.0363983102143,0.036571726203,0.0368155017495,0.0365274101496,0.032543733716,0.0237928908318,0.0147983077914,0.0222271364182,0.0237471535802,0.0337972119451,0.023663084954,0.0333656705916,0.0239942204207,0.0239942204207,0.0116001982242,0.0217137113214,0.0144224110991,0.0116001982242,0.0147983077914,0.0144035816193,0.0237471535802,0.0365274101496,0.0222271364182,0.0217137113214
0.0336482301354,0.0156071186066,0.0336482301354,0.0348337292671,0.0366178750992,0.0348337292671,0.0237502399832,0.0361486934125,0.0124054029584,0.0345073640347,0.0356595665216,0.0361486934125,0.0365233570337,0.0364608317614,0.0365162789822,0.0366178750992,0.0365274101496,0.0335255488753,0.0238373950124,0.0147983077914,0.0226071402431,0.0259067490697,0.0284463502467,0.0237502399832,0.0286237858236,0.0286237858236,0.0191989019513,0.0121370013803,0.0217137113214,0.0168106555939,0.0124054029584,0.0147983077914,0.0156071186066,0.0259067490697,0.0365274101496,0.0226071402431,0.0217137113214
0.0317640639842,0.0163569748402,0.0323921181262,0.0348337292671,0.0365496277809,0.0348337292671,0.0261979065835,0.0358212441206,0.0129365287721,0.0322967767715,0.0354937985539,0.0358212441206,0.036531355232,0.0365353524685,0.0365258157253,0.0365718454123,0.0365385189652,0.0327063687146,0.0237938165665,0.0142000820488,0.0234320424497,0.025081846863,0.0322967767715,0.0237720273435,0.0317640639842,0.0218004584312,0.0218004584312,0.0122712021694,0.0217137113214,0.0171068329364,0.0129365287721,0.0142000820488,0.0163569748402,0.025081846863,0.0365385189652,0.0234320424497,0.0217137113214
0.0320780910552,0.0165444388986,0.0320780910552,0.0348337292671,0.036546304822,0.0348337292671,0.0259245336056,0.0357393845916,0.0129365287721,0.0304110646248,0.0356575213373,0.0357393845916,0.0365345403552,0.0365349464118,0.0365363359451,0.0365540906787,0.0365424118936,0.0325015708804,0.0238965004683,0.0142000820488,0.0234320424497,0.0269367769361,0.0304110646248,0.0238342639059,0.0280148014426,0.0238624960184,0.0238624960184,0.0126038659364,0.0217137113214,0.016731902957,0.0126038659364,0.0142000820488,0.0165444388986,0.0269367769361,0.0365424118936,0.0234320424497,0.0217137113214
0.0320780910552,0.0168626755476,0.0320780910552,0.0348337292671,0.0365444496274,0.0348337292671,0.0241174437106,0.0357189178467,0.0135683054104,0.0292129330337,0.0356984511018,0.0357189178467,0.0365379303694,0.0365364402533,0.0365388803184,0.0365464836359,0.0365434288979,0.0314563177526,0.0249105170369,0.0164577402174,0.0235479474068,0.0258458014578,0.0314563177526,0.0243723914027,0.0292129330337,0.0241174437106,0.0176299195737,0.0126038659364,0.0226887818426,0.0171809121966,0.0126038659364,0.0164577402174,0.0168626755476,0.0258458014578,0.0365434288979,0.0235479474068,0.0226887818426
0.0313618034124,0.0169422347099,0.0313618034124,0.0327396206558,0.0365428254008,0.0348337292671,0.0242803152651,0.0357137992978,0.0130860861391,0.0303346253932,0.0357086844742,0.0357137992978,0.0365417003632,0.0365390703082,0.0365389734507,0.0365422219038,0.0365431271493,0.0308954715729,0.0245139803737,0.0167507845908,0.0241224113852,0.026820987463,0.0277961734682,0.0244431868196,0.0327396206558,0.0242803152651,0.0170438289642,0.0128449760377,0.0226887818426,0.0170217938721,0.0128449760377,0.0167507845908,0.0169422347099,0.026820987463,0.0365431271493,0.0241224113852,0.0226887818426
0.0320507138968,0.0169621258974,0.0317062586546,0.033614449203,0.0365422517061,0.033614449203,0.0244201682508,0.0357125215232,0.0148581583053,0.029065400362,0.0357112437487,0.0357125215232,0.0365412980318,0.03654018417,0.0365405417979,0.0365413799882,0.0365426912904,0.0299804359674,0.0243971478194,0.0158044714481,0.0237640030682,0.0276108495891,0.0284007117152,0.0244201682508,0.0281655155122,0.0226046722382,0.0226046722382,0.0129052530974,0.0230471901596,0.0169820152223,0.0129052530974,0.0158044714481,0.0169621258974,0.0276108495891,0.0365426912904,0.0237640030682,0.0230471901596
0.0309071876109,0.0176711734384,0.0309071876109,0.032737866044,0.0342011749744,0.032737866044,0.0244144126773,0.0348813906312,0.014118283987,0.0307896081358,0.0340502634645,0.0348813906312,0.036541774869,0.0365409776568,0.03654076159,0.0365410707891,0.0365426912904,0.0291905738413,0.0244086571038,0.0155678931624,0.0237640030682,0.0276108495891,0.0307896081358,0.0244144126773,0.0342011749744,0.0226046722382,0.019788371399,0.0129052530974,0.0230471901596,0.0183802209795,0.014118283987,0.0155678931624,0.0176711734384,0.0276108495891,0.0365426912904,0.0237640030682,0.0230471901596
0.0309071876109,0.0181130841374,0.0309071876109,0.032737866044,0.0364687368274,0.032737866044,0.0244129747152,0.03421407938,0.0141774285585,0.0326277166605,0.0335467718542,0.03421407938,0.0353714749217,0.0359562262893,0.0362484939396,0.0363947823644,0.0365057140589,0.0299900919199,0.0244115348905,0.016177162528,0.023584799841,0.0282056592405,0.0288004707545,0.0244129747152,0.0284029245377,0.0225946772844,0.0225946772844,0.0135117685422,0.0232263933867,0.0185549966991,0.0141774285585,0.016177162528,0.0181130841374,0.0282056592405,0.0365057140589,0.023584799841,0.0232263933867
0.0309071876109,0.0183550473303,0.0309071876109,0.0305703952909,0.0362602323294,0.032737866044,0.0235036462545,0.0340472534299,0.0140110133216,0.0305330939591,0.0338804274797,0.0340472534299,0.0359016172588,0.0359289199114,0.0360887050629,0.0362602323294,0.0365057140589,0.0303520932794,0.0244122557342,0.0177815407515,0.023584799841,0.0282056592405,0.0305330939591,0.0244126152247,0.0305703952909,0.0235036462545,0.0188599787652,0.0138445980847,0.0232263933867,0.0185970105231,0.0140110133216,0.0177815407515,0.0183550473303,0.0282056592405,0.0365057140589,0.023584799841,0.0232263933867
0.0308229885995,0.0184155367315,0.0308229885995,0.0316962301731,0.0361611954868,0.0316962301731,0.0241852831095,0.0335662774742,0.0149120418355,0.0314116328955,0.0330853015184,0.0335662774742,0.0361422970891,0.0360356085002,0.0360621586442,0.0361611954868,0.0364443436265,0.0308818630874,0.0239579509944,0.0175798349082,0.0234951972961,0.0282056592405,0.0308818630874,0.0241852831095,0.0270791202784,0.0270791202784,0.017378129065,0.0139278061688,0.0233159959316,0.0184760279953,0.0149120418355,0.0175798349082,0.0184155367315,0.0282056592405,0.0364443436265,0.0234951972961,0.0233159959316
0.0298870205879,0.0183098092675,0.0298870205879,0.0316962301731,0.0362819507718,0.0316962301731,0.0256037861109,0.0334460362792,0.0149120418355,0.0301813445985,0.0333257913589,0.0334460362792,0.0361517444253,0.0360936746001,0.0360779166222,0.0361195579171,0.0363631471992,0.029624003917,0.024071617052,0.0175294093788,0.0240392051637,0.0282859019935,0.029624003917,0.0241284500808,0.0301813445985,0.0256037861109,0.0179623812437,0.0144199244678,0.0239496044815,0.0182040818036,0.0144199244678,0.0175294093788,0.0183098092675,0.0282859019935,0.0363631471992,0.0240392051637,0.0239496044815
0.0298870205879,0.0187066793442,0.0298870205879,0.0311281494796,0.0362435504794,0.0313175097108,0.0244830772281,0.033007889986,0.0162207260728,0.0307188462466,0.0325697399676,0.033007889986,0.0361697785556,0.0361787974834,0.0361283570528,0.036123957485,0.0363033488393,0.0301714241505,0.0248377025127,0.0168750677258,0.0240168049932,0.0287572816014,0.029228663072,0.0244830772281,0.0311281494796,0.0218699406832,0.0200030170381,0.0144199244678,0.023972004652,0.0191035494208,0.0144199244678,0.0168750677258,0.0187066793442,0.0287572816014,0.0363033488393,0.0240168049932,0.023972004652
0.0301973037422,0.0188058968633,0.0301973037422,0.0312228295952,0.036144271493,0.0312228295952,0.0245717335492,0.0326122231781,0.016547895968,0.030452368781,0.0322165563703,0.0326122231781,0.0361904762685,0.036200825125,0.0361645892262,0.036144271493,0.0363033488393,0.0303587205708,0.0246603898704,0.0175752621144,0.0252019241452,0.0275721624494,0.030452368781,0.0245717335492,0.0261887628585,0.0261887628585,0.018275456503,0.0144199244678,0.023972004652,0.0189051143825,0.0144199244678,0.0175752621144,0.0188058968633,0.0275721624494,0.0363033488393,0.0252019241452,0.023972004652
0.0301973037422,0.0193207897246,0.0301973037422,0.029964312911,0.0362313278019,0.029964312911,0.0245938971639,0.0325133055449,0.0170615799725,0.0292839668691,0.0324143916368,0.0325133055449,0.0361673757434,0.0361841022968,0.0361743457615,0.0361593067646,0.0362673401833,0.0304055437446,0.0246160626411,0.0176218897104,0.0252019241452,0.0282805077732,0.0292839668691,0.0245938971639,0.0278839226812,0.0227762199938,0.0208158623427,0.0144199244678,0.023972004652,0.0198356844485,0.0144199244678,0.0176218897104,0.0193207897246,0.0282805077732,0.0362673401833,0.0252019241452,0.023972004652
0.0296189580113,0.0196363963187,0.0296189580113,0.029964312911,0.0330782756209,0.029964312911,0.0236878283322,0.0320849120617,0.0166813209653,0.029969625175,0.0316565148532,0.0320849120617,0.036181345582,0.0361827239394,0.0361785367131,0.0361869260669,0.0362673401833,0.0298447553068,0.0246049799025,0.0171516053379,0.0252792667598,0.0275108627975,0.0298447553068,0.0245994385332,0.0330782756209,0.0236878283322,0.0200683251023,0.015080338344,0.0246643070132,0.0199520047754,0.015080338344,0.0171516053379,0.0196363963187,0.0275108627975,0.0362673401833,0.0252792667598,0.0246643070132
0.0304837860167,0.0197152979672,0.0304837860167,0.0308788549155,0.0360906608403,0.0303103886545,0.0240303743631,0.0317134037614,0.0169164631516,0.0314473211765,0.0313418917358,0.0317134037614,0.0340243577957,0.0351035408676,0.0356410369277,0.0359139814973,0.0361789986491,0.0298447553068,0.0241464041173,0.0178219992667,0.0258371643722,0.0278153866529,0.0281199105084,0.0243729203939,0.0308788549155,0.0240303743631,0.0184923931956,0.015080338344,0.0246643070132,0.0197941996157,0.015080338344,0.0178219992667,0.0197152979672,0.0278153866529,0.0361789986491,0.0258371643722,0.0246643070132
0.0304837860167,0.0197350233793,0.0304837860167,0.0305946208537,0.0356373786926,0.0305946208537,0.025842634961,0.0316205248237,0.0173692312092,0.0297836158425,0.0315276458859,0.0316205248237,0.0350575074553,0.0350805222988,0.0353607796133,0.0356373786926,0.0361789986491,0.0293144844472,0.0240883901715,0.0178764052689,0.0255439504981,0.0283150859177,0.0293144844472,0.0242306552827,0.0274546146393,0.025842634961,0.0179308131337,0.015080338344,0.0249575227499,0.0197547487915,0.015080338344,0.0178764052689,0.0197350233793,0.0283150859177,0.0361789986491,0.0255439504981,0.0249575227499
0.0297546293586,0.0197399556637,0.0297264941037,0.0301882661879,0.0354623794556,0.0301882661879,0.0252203606069,0.0315973050892,0.0162247847766,0.0297827646136,0.0315740853548,0.0315973050892,0.035347443074,0.035213984549,0.0352873802185,0.0354623794556,0.0361789986491,0.0293144844472,0.0249655134976,0.0178900063038,0.0253973435611,0.0285649355501,0.0288147851825,0.0245980843902,0.0297546293586,0.0215619839728,0.0215619839728,0.0156525615603,0.025104129687,0.0197448860854,0.0156525615603,0.0178900063038,0.0197399556637,0.0285649355501,0.0361789986491,0.0253973435611,0.025104129687
0.0297405607998,0.0197391360998,0.0297405607998,0.0300256516784,0.035380396992,0.0300798565149,0.0243882127106,0.0315914973617,0.0159386731684,0.0292987748981,0.0315856933594,0.0315914973617,0.0354049131274,0.0353094488382,0.0352984145284,0.035380396992,0.0361789986491,0.0287252571434,0.0241783428937,0.0188079997897,0.0257199890912,0.0283544100821,0.0287252571434,0.0243882127106,0.0267084129155,0.0267084129155,0.0197342075408,0.0157956182957,0.0255733821541,0.0197383146733,0.0157956182957,0.0188079997897,0.0197391360998,0.0283544100821,0.0361789986491,0.0257199890912,0.0255733821541
0.0289825238287,0.0197389312088,0.0289825238287,0.030052755028,0.0357657819986,0.030052755028,0.0246257707477,0.0313034579158,0.0165844783187,0.0287973508239,0.0310154147446,0.0313034579158,0.0353926569223,0.0353510528803,0.0353247337043,0.0353525653481,0.0359723903239,0.029155228287,0.0248633287847,0.0194076485932,0.0263785943389,0.0276958048344,0.0293702129275,0.0246257707477,0.0287973508239,0.0226412601769,0.0200072973967,0.0157956182957,0.0255733821541,0.0197387263179,0.0165844783187,0.0194076485932,0.0197389312088,0.0276958048344,0.0359723903239,0.0263785943389,0.0255733821541
0.0289825238287,0.0197724252939,0.0289825238287,0.030052755028,0.0322109982371,0.030052755028,0.0244370959699,0.0309361871332,0.0179960634559,0.0299783945084,0.0305689163506,0.0309361871332,0.0356308706105,0.0354909598827,0.0354078486562,0.0353802070022,0.0357985198498,0.0292627215385,0.0242484211922,0.0189946703613,0.0267078969628,0.0279228836298,0.0281499605626,0.0244370959699,0.027922257781,0.027922257781,0.0192874856293,0.0161900483072,0.0255733821541,0.019805919379,0.0161900483072,0.0189946703613,0.0197724252939,0.0279228836298,0.0357985198498,0.0267078969628,0.0255733821541
0.0287174582481,0.0197180882096,0.0287174582481,0.0301038995385,0.0354498103261,0.030052755028,0.0261560920626,0.0308443680406,0.0173427071422,0.030155044049,0.0307525508106,0.0308443680406,0.0329812839627,0.0342361219227,0.0348219871521,0.0351010970771,0.0356241650879,0.0287063419819,0.024342758581,0.0185192674398,0.0265761427581,0.0279668755829,0.0280108656734,0.0243899263442,0.0301038995385,0.0261560920626,0.0195383280516,0.0166415516287,0.0260088853538,0.0196637511253,0.0173427071422,0.0185192674398,0.0197180882096,0.0279668755829,0.0356241650879,0.0265761427581,0.0260088853538
0.0290640685707,0.0196820348501,0.0290640685707,0.0300783272833,0.0348179526627,0.0300783272833,0.024819675833,0.0308214128017,0.0171674191952,0.0297828614712,0.0307984594256,0.0308214128017,0.0342591367662,0.0342476293445,0.0345348082483,0.0348179526627,0.0355805754662,0.028358604759,0.0252494253218,0.0185192674398,0.026434328407,0.0280648078769,0.028162740171,0.024819675833,0.0279694758356,0.0237988419831,0.0237988419831,0.0169921293855,0.0261506997049,0.019645979628,0.0171674191952,0.0185192674398,0.0196820348501,0.0280648078769,0.0355805754662,0.026434328407,0.0261506997049
0.0289701186121,0.0198576487601,0.0290640685707,0.0300783272833,0.0351107642055,0.0300783272833,0.0245543830097,0.030815673992,0.0171235967427,0.0288761686534,0.0308099351823,0.030815673992,0.0345385447145,0.0343930870295,0.0344639495015,0.0346409529448,0.0353456698358,0.028260672465,0.0247793421149,0.0198391601443,0.0263634212315,0.0280648078769,0.028260672465,0.024799508974,0.0289701186121,0.0245543830097,0.0204205438495,0.0170797742903,0.0262216068804,0.02003326267,0.0171235967427,0.0198391601443,0.0198576487601,0.0280648078769,0.0353456698358,0.0263634212315,0.0262216068804
0.0306672938168,0.0199015513062,0.0290170945227,0.0298012755811,0.0348798856139,0.0298012755811,0.0247025452554,0.0305721592158,0.0171235967427,0.0298444852233,0.0303286444396,0.0305721592158,0.0334280207753,0.0339105539024,0.0341872498393,0.034414101392,0.0351127758622,0.028260672465,0.0247281435877,0.0199845060706,0.0263279676437,0.0281137749553,0.028162740171,0.0247025452554,0.0276108384132,0.0276108384132,0.0201298519969,0.0171016864479,0.0262570604682,0.0199454557151,0.0171016864479,0.0199845060706,0.0199015513062,0.0281137749553,0.0351127758622,0.0263279676437,0.0262570604682
0.0298421941698,0.0198497120291,0.0298421941698,0.0292644686997,0.0347198173404,0.0292536653578,0.0250724814832,0.0305112805218,0.0185540504754,0.0287434887141,0.0304504018277,0.0305112805218,0.033980794251,0.033945672214,0.0342396199703,0.0343268588185,0.0349162966013,0.0282117053866,0.025442417711,0.0196346901357,0.0265334658325,0.0276673231274,0.0287434887141,0.0250724814832,0.0277105793357,0.0277105793357,0.0196502879262,0.0171016864479,0.0264980122447,0.019797872752,0.0171016864479,0.0196346901357,0.0198497120291,0.0276673231274,0.0349162966013,0.0265334658325,0.0264980122447
0.0298421941698,0.0198118239641,0.0298421941698,0.0288705937564,0.0315491743386,0.0288705937564,0.0251649655402,0.0302750878036,0.0180980283767,0.0290524922311,0.0300388932228,0.0302750878036,0.0342302545905,0.0340879634023,0.0342838391662,0.0343053489923,0.0347635596991,0.0284775979817,0.0252574495971,0.020564487204,0.0266685504466,0.0273794271052,0.0290524922311,0.0251649655402,0.0315491743386,0.0235663820058,0.0214942842722,0.0171016864479,0.0266508236527,0.0197739358991,0.0180980283767,0.020564487204,0.0198118239641,0.0273794271052,0.0347635596991,0.0266685504466,0.0266508236527
0.0298421941698,0.020012659952,0.0298421941698,0.0288705937564,0.0344297029078,0.0288705937564,0.0251880865544,0.0300632156432,0.018465558067,0.0296637900174,0.0298513416201,0.0300632156432,0.0328897163272,0.0334888398647,0.0338863395154,0.0340958461165,0.0345966294408,0.0287650451064,0.0252112075686,0.0199478715658,0.0266641192138,0.0277258306742,0.0280722361058,0.0251880865544,0.0275577791035,0.0275577791035,0.0206530541182,0.0175998583436,0.0266552548856,0.02021349594,0.018465558067,0.0199478715658,0.020012659952,0.0277258306742,0.0345966294408,0.0266641192138,0.0266552548856
0.0299533680081,0.020062867552,0.0292710904032,0.0288279429078,0.0341666601598,0.0288279429078,0.0251938663423,0.0300102476031,0.0192067138851,0.0306356437504,0.029957279563,0.0300102476031,0.032248608768,0.0328687243164,0.0333775319159,0.0337366908789,0.0343816429377,0.0284186415374,0.0251996479928,0.0195772927254,0.026794616133,0.0274604037404,0.0284186415374,0.0251938663423,0.0299533680081,0.0241054166108,0.0241054166108,0.018032707274,0.0267901849002,0.0201130770147,0.018032707274,0.0195772927254,0.020062867552,0.0274604037404,0.0343816429377,0.026794616133,0.0267901849002
0.0296122282743,0.0205807387829,0.0296122282743,0.0291092991829,0.0338765718043,0.0291092991829,0.0260397028178,0.0300751812756,0.0187123548239,0.0293707940727,0.0301401130855,0.0300751812756,0.0332613810897,0.0330650508404,0.0332212895155,0.0334789901972,0.0341291055083,0.0284186415374,0.0249246452004,0.0200843065977,0.0269610621035,0.0272939577699,0.0293707940727,0.0250592567027,0.0270201489329,0.0260397028178,0.0205913223326,0.0183262079954,0.0267901849002,0.0210986100137,0.0187123548239,0.0200843065977,0.0205807387829,0.0272939577699,0.0341291055083,0.0269610621035,0.0267901849002
0.0296122282743,0.02071153,0.0296122282743,0.0280647240579,0.0337515883148,0.0291092991829,0.0257164873183,0.0300914142281,0.0187123548239,0.0293707940727,0.0301076471806,0.0300914142281,0.0335689783096,0.033317014575,0.0332691520452,0.0333740711212,0.0339403450489,0.0284945294261,0.0252370610833,0.0200843065977,0.026918342337,0.0276941470802,0.0284945294261,0.0253932699561,0.0280647240579,0.0257164873183,0.0205860305578,0.018519282341,0.0268329046667,0.0208423212171,0.018519282341,0.0200843065977,0.02071153,0.0276941470802,0.0339403450489,0.026918342337,0.0268329046667
0.0296122282743,0.0207285396755,0.0296122282743,0.0285870116204,0.0333900675178,0.0285870116204,0.0254350230098,0.0300954729319,0.0193500630558,0.0289326608181,0.030099529773,0.0300954729319,0.0335516408086,0.0335429720581,0.0334060639143,0.0333900675178,0.0339403450489,0.0287135951221,0.0254767742008,0.0197171848267,0.0271122939885,0.0278520323336,0.0280099194497,0.0254350230098,0.0268906056881,0.0237696934491,0.0237696934491,0.0185675509274,0.0268329046667,0.0207455512136,0.0185675509274,0.0197171848267,0.0207285396755,0.0278520323336,0.0339403450489,0.0271122939885,0.0268329046667
0.0289318226278,0.0211129374802,0.0289318226278,0.0285870116204,0.0335528403521,0.0285870116204,0.0258320905268,0.0299511365592,0.0190505869687,0.0289379116148,0.029806798324,0.0299511365592,0.0336084216833,0.0335756987333,0.0334908813238,0.0334404744208,0.0337465927005,0.0283617563546,0.0250395648181,0.019625402987,0.0271349139512,0.0276670977473,0.0289379116148,0.025237293914,0.0264268871397,0.0258320905268,0.0222491174936,0.0185675509274,0.0269952192903,0.0214973352849,0.0190505869687,0.019625402987,0.0211129374802,0.0276670977473,0.0337465927005,0.0271349139512,0.0269952192903
0.0289318226278,0.0213510598987,0.0289318226278,0.0277769640088,0.0336199514568,0.0280469805002,0.0254109110683,0.0297883991152,0.0193379949778,0.0291912183166,0.0296256616712,0.0297883991152,0.0335651412606,0.033570419997,0.0335461422801,0.0334933102131,0.033683270216,0.0287764873356,0.0252871289849,0.0200674571097,0.0270999893546,0.02794444561,0.0282217934728,0.0254109110683,0.0277769640088,0.0231708008796,0.0231708008796,0.018809068948,0.0270301438868,0.0215891823173,0.018809068948,0.0200674571097,0.0213510598987,0.02794444561,0.033683270216,0.0270999893546,0.0270301438868
0.0286431089044,0.021638058126,0.0286431089044,0.0279119722545,0.0336197689176,0.0279119722545,0.0250999517739,0.0297477133572,0.0197027251124,0.0285822730511,0.0297070294619,0.0297477133572,0.0335608869791,0.0335656553507,0.0335558988154,0.0335562676191,0.0336515195668,0.0284991413355,0.0247889924794,0.0209382716566,0.0271880850196,0.0279775634408,0.0283917412162,0.0250999517739,0.0285822730511,0.0226363427937,0.0218090862036,0.018809068948,0.0271531622857,0.0219250563532,0.018809068948,0.0209382716566,0.021638058126,0.0279775634408,0.0336515195668,0.0271880850196,0.0271531622857
0.0286279004067,0.0217098072171,0.0286279004067,0.0282623320818,0.0335675925016,0.0279119722545,0.0238292776048,0.0295944046229,0.0203204974532,0.0288001317531,0.0294410958886,0.0295944046229,0.0335743613541,0.0335700064898,0.0335789211094,0.0335675925016,0.0336515195668,0.0284454412758,0.024944473058,0.0210015326738,0.0271793548018,0.0279775634408,0.0288001317531,0.0250222124159,0.0282623320818,0.0224470347166,0.0224470347166,0.018809068948,0.0271618925035,0.0217815563083,0.018809068948,0.0210015326738,0.0217098072171,0.0279775634408,0.0336515195668,0.0271793548018,0.0271618925035
0.0284451171756,0.0217277444899,0.0285365097225,0.0281328484416,0.0335700884461,0.0281328484416,0.0235012304038,0.0295560769737,0.0197350420058,0.0288001317531,0.0295177511871,0.0295560769737,0.0335738062859,0.0335719063878,0.0335725806653,0.0335700884461,0.0336515195668,0.0286227874458,0.0246851090342,0.0208312738687,0.0271793548018,0.0281388685107,0.0283001754433,0.024555426091,0.0284451171756,0.0229741334915,0.0229741334915,0.018809068948,0.0271618925035,0.0217456817627,0.0197350420058,0.0208312738687,0.0217277444899,0.0281388685107,0.0336515195668,0.0271793548018,0.0271618925035
0.028490813449,0.0217198412865,0.028490813449,0.0281328484416,0.0310094170272,0.0281328484416,0.0241925232112,0.0294520035386,0.0202831588686,0.0287391394377,0.0293479282409,0.0294520035386,0.0335923060775,0.0335821062326,0.0335773453116,0.0335737168789,0.0336311608553,0.0284614823759,0.0243567191064,0.0212299600244,0.0271793548018,0.0282195210457,0.0287391394377,0.0241925232112,0.0269917752594,0.0269917752594,0.0216781944036,0.0192720554769,0.0271618925035,0.0217119380832,0.0192720554769,0.0212299600244,0.0217198412865,0.0282195210457,0.0336311608553,0.0271793548018,0.0271618925035
0.0281160548329,0.02171786502,0.0281160548329,0.0281328484416,0.0335238650441,0.0281328484416,0.024233572185,0.0294259842485,0.0196512192488,0.0282402168959,0.0293999649584,0.0294259842485,0.0323008596897,0.0329414829612,0.0332594141364,0.0334165655077,0.0335775129497,0.0286003109068,0.0242746211588,0.0213420186192,0.0273050107062,0.028184697032,0.0281498730183,0.024233572185,0.0276159960777,0.0245350375772,0.0245350375772,0.0195248313248,0.0272962786257,0.0217158906162,0.0196512192488,0.0213420186192,0.02171786502,0.028184697032,0.0335775129497,0.0273050107062,0.0272962786257
0.0281160548329,0.0220695175231,0.0281160548329,0.0281786993146,0.0332730636001,0.028003634885,0.0242438353598,0.0292712599039,0.0196512192488,0.0283168293536,0.0291165336967,0.0292712599039,0.0327667668462,0.0329997204244,0.0331295654178,0.0332730636001,0.0335775129497,0.0283750928938,0.0242540966719,0.021964199841,0.0273028276861,0.0282322950661,0.0283168293536,0.0242438353598,0.0281786993146,0.0238307453692,0.0225863829255,0.0195880252868,0.0272984616458,0.0224211700261,0.0195880252868,0.021964199841,0.0220695175231,0.0282322950661,0.0335775129497,0.0273028276861,0.0272984616458
0.0281317159534,0.0222220383584,0.0281317159534,0.0280833356082,0.0330116897821,0.0280833356082,0.0240385718644,0.0291132740676,0.0201978683472,0.0296440273523,0.0289552882314,0.0291132740676,0.0317424088717,0.0323710665107,0.0327503159642,0.0330116897821,0.0335775129497,0.0283459611237,0.0242489650846,0.0217660143971,0.0275346487761,0.0279993824661,0.0285700038075,0.0242464002222,0.0296440273523,0.0240385718644,0.0215678289533,0.0195880252868,0.0272995531559,0.0223745591938,0.0201978683472,0.0217660143971,0.0222220383584,0.0279993824661,0.0335775129497,0.0275346487761,0.0272995531559
0.0285097938031,0.0221783928573,0.0285097938031,0.0282844696194,0.0330496132374,0.0282844696194,0.0241950843483,0.0291401222348,0.0200454071164,0.0289183165878,0.029166970402,0.0291401222348,0.0325185060501,0.0324447862804,0.0325975492597,0.0328046195209,0.0333135649562,0.0284579824656,0.0241437684745,0.0217660143971,0.0275339670479,0.0278831981122,0.0289183165878,0.0241950843483,0.0262620877475,0.0240785107017,0.0240785107017,0.0198929458857,0.0274164192379,0.0221347473562,0.0200454071164,0.0217660143971,0.0221783928573,0.0278831981122,0.0333135649562,0.0275339670479,0.0274164192379
0.0285097938031,0.0225642118603,0.0285097938031,0.0277788750827,0.0327135510743,0.0277788750827,0.0241822563112,0.0291191078722,0.0209057107568,0.0290292203426,0.0290980953723,0.0291191078722,0.0328500494361,0.0326474159956,0.0326224826276,0.0327135510743,0.0332475751638,0.0286881495267,0.0241694264114,0.021335862577,0.027621274814,0.0277958903462,0.0286881495267,0.0241822563112,0.0256758946925,0.024402173236,0.0237653125077,0.019969176501,0.0274164192379,0.0229500308633,0.019969176501,0.021335862577,0.0225642118603,0.0277958903462,0.0332475751638,0.027621274814,0.0274164192379
0.0278013199568,0.0226589627564,0.0278013199568,0.0277788750827,0.0303843840957,0.0277788750827,0.0241790488362,0.0291138552129,0.0203203782439,0.0280610322952,0.0291086025536,0.0291138552129,0.0329153053463,0.0327813625336,0.0327019244432,0.0327077358961,0.0331140682101,0.0284650847316,0.0241758413613,0.021943224594,0.0275700613856,0.0280189551413,0.0284650847316,0.0241790488362,0.0273932777345,0.0273932777345,0.022557400167,0.0202033109963,0.0274676326662,0.0227537155151,0.0203203782439,0.021943224594,0.0226589627564,0.0280189551413,0.0331140682101,0.0275700613856,0.0274676326662
0.0276936981827,0.0229721982032,0.0278013199568,0.0276824757457,0.0320750176907,0.0276824757457,0.0241782478988,0.0289809387177,0.0211318023503,0.0285874437541,0.0288480222225,0.0289809387177,0.0322306826711,0.0325060226023,0.0326039716601,0.0320750176907,0.0331140682101,0.0284650847316,0.0241774450988,0.0215375125408,0.0275700613856,0.0281304866076,0.0282420199364,0.0241782478988,0.0276936981827,0.0249753389508,0.0238171517849,0.0202618446201,0.0274676326662,0.02328543365,0.0202618446201,0.0215375125408,0.0229721982032,0.0281304866076,0.0331140682101,0.0275700613856,0.0274676326662
0.0277475081384,0.0230009704828,0.0277475081384,0.027911523357,0.0326924622059,0.0276852808893,0.0241780467331,0.0289477109909,0.0213346574455,0.0281377658248,0.0289144814014,0.0289477109909,0.0321528501809,0.0323294363916,0.0324667021632,0.0322708599269,0.032903265208,0.0283535532653,0.0241778455675,0.0220567081124,0.0276145078242,0.0279903803021,0.0283535532653,0.0241780467331,0.0264434311539,0.0264434311539,0.0227740518749,0.0202618446201,0.0275632925332,0.0230297427624,0.0202618446201,0.0220567081124,0.0230009704828,0.0279903803021,0.032903265208,0.0276145078242,0.0275632925332
0.0274624936283,0.0232020430267,0.0274214893579,0.0275943893939,0.0323574617505,0.0275943893939,0.0241779964417,0.0288381613791,0.021695682779,0.0285427384079,0.0287286099046,0.0288381613791,0.0323318988085,0.0324214249849,0.0324440635741,0.0323574617505,0.032903265208,0.0283535532653,0.0241779461503,0.0218761954457,0.0276486873627,0.028034189716,0.0280779991299,0.0241779964417,0.0274624936283,0.0246654711664,0.0237764902413,0.0202618446201,0.0276230797172,0.0234031155705,0.0202618446201,0.0218761954457,0.0232020430267,0.028034189716,0.032903265208,0.0276486873627,0.0276230797172
0.0274419914931,0.0231997072697,0.0274419914931,0.0275449287146,0.0324025675654,0.0275614149868,0.0243303254247,0.0287806913257,0.0217859391123,0.0286630615592,0.0287232231349,0.0287806913257,0.0324811302125,0.0324512794614,0.0324476733804,0.0324025675654,0.0327668115497,0.0282157771289,0.0242998395115,0.0223287045956,0.0276920739561,0.0280297994614,0.0280254073441,0.0242389179766,0.0275449287146,0.0243303254247,0.0229916293174,0.0202618446201,0.0276792701334,0.0231973715127,0.0202618446201,0.0223287045956,0.0231997072697,0.0280297994614,0.0327668115497,0.0276920739561,0.0276792701334
0.0274677257985,0.0231732595712,0.0274677257985,0.0275403037667,0.0324362255633,0.0275403037667,0.0251065939665,0.0287516210228,0.02115958184,0.0283341743052,0.02872255072,0.0287516210228,0.0325329080224,0.0324920937419,0.0324698835611,0.0324362255633,0.0326757505536,0.0282947085798,0.0242922306061,0.0221930127591,0.0277318879962,0.0279437676072,0.0283341743052,0.0242884270847,0.0259247608483,0.0251065939665,0.0230950843543,0.0202618446201,0.0277254879475,0.0231468118727,0.02115958184,0.0221930127591,0.0231732595712,0.0279437676072,0.0326757505536,0.0277318879962,0.0277254879475
0.0272985957563,0.0231666490436,0.0270819850266,0.0275403037667,0.0325651317835,0.0275403037667,0.0248513929546,0.0287443548441,0.0211935061961,0.0275152083486,0.0287370868027,0.0287443548441,0.032492980361,0.0324925370514,0.0324727967381,0.0324545130134,0.0326204411685,0.0283144414425,0.0244948714972,0.0222893506289,0.027730287984,0.028036436066,0.0281291045249,0.0245961919427,0.0272985957563,0.0236185416579,0.0236185416579,0.0207107141614,0.0277270879596,0.0231600366533,0.0211935061961,0.0222893506289,0.0231666490436,0.028036436066,0.0326204411685,0.027730287984,0.0277270879596
0.0271902903914,0.0231649950147,0.0271902903914,0.0275403037667,0.0325467959046,0.0275403037667,0.0250466167927,0.0287425369024,0.0213467683643,0.0278221555054,0.0287407208234,0.0287425369024,0.0325290560722,0.0325107946992,0.0324917957187,0.032473154366,0.0325836166739,0.028068298474,0.0246731322259,0.0224846675992,0.0277677550912,0.0280061326921,0.0279758311808,0.0246346630156,0.0254585687071,0.0250466167927,0.0226799845695,0.0209521092474,0.0277661569417,0.0231633428484,0.0213467683643,0.0224846675992,0.0231649950147,0.0280061326921,0.0325836166739,0.0277677550912,0.0277661569417
0.0271902903914,0.0231645815074,0.0271902903914,0.0270198695362,0.0309828706086,0.0270198695362,0.0248969420791,0.0286270342767,0.0213467683643,0.0282823462039,0.0285115335137,0.0286270342767,0.0310260858387,0.0317684412003,0.0321301184595,0.0323016345501,0.0325131192803,0.0280180834234,0.0248598754406,0.0224846675992,0.0277673564851,0.0280101150274,0.0280180834234,0.0247472692281,0.0309828706086,0.0237884633243,0.0237884633243,0.0211494378746,0.0277665555477,0.0231641680002,0.0211494378746,0.0224846675992,0.0231645815074,0.0280101150274,0.0325131192803,0.0277673564851,0.0277665555477
0.0280958302319,0.0232424624264,0.028138436377,0.0275365468115,0.0320054143667,0.0275365468115,0.0246742777526,0.0285622924566,0.0218663848937,0.0284258164465,0.0284975506365,0.0285622924566,0.0312008708715,0.0312882624567,0.0317091904581,0.0320054143667,0.0325131192803,0.0280160903931,0.0246012881398,0.0221755262464,0.0277671553195,0.0280121080577,0.0280160903931,0.0246742777526,0.0262192673981,0.024847894907,0.024847894907,0.0211987700313,0.0277667567134,0.023320345208,0.0211987700313,0.0221755262464,0.0232424624264,0.0280121080577,0.0325131192803,0.0277671553195,0.0277667567134
0.027647992596,0.0234626121819,0.027647992596,0.0282700993121,0.0316399335861,0.0275365468115,0.0247519630939,0.0285461060703,0.0220209546387,0.0285098701715,0.0285299215466,0.0285461060703,0.0303911752999,0.0308397188783,0.0312744528055,0.0316399335861,0.0325131192803,0.0280160903931,0.0246377829462,0.0226042978466,0.027828393504,0.0279508698732,0.0285098701715,0.0246560312808,0.0282700993121,0.0247519630939,0.023033067584,0.0211987700313,0.0277667567134,0.0236827619374,0.0211987700313,0.0226042978466,0.0234626121819,0.0279508698732,0.0325131192803,0.027828393504,0.0277667567134
0.0278035178781,0.0235579647124,0.0278035178781,0.0280734207481,0.0317371487617,0.0278255604208,0.0246754512191,0.028537530452,0.0217556972057,0.0283212810755,0.0285289548337,0.028537530452,0.0312338508666,0.0310367848724,0.0311556197703,0.0313977748156,0.032125134021,0.0281849522144,0.0246948730201,0.0223556887358,0.0278129838407,0.0280288979411,0.0281849522144,0.0246754512191,0.0280734207481,0.0239999014884,0.0236238706857,0.0214043147862,0.0277821663767,0.0236533172429,0.0217556972057,0.0223556887358,0.0235579647124,0.0280288979411,0.032125134021,0.0278129838407,0.0277821663767
0.0278035178781,0.0236135423183,0.0278035178781,0.0279494896531,0.029961200431,0.0279494896531,0.024680307135,0.0285353865474,0.0220556929708,0.0281973518431,0.0285332426429,0.0285353865474,0.0313104093075,0.0313486903906,0.0312521532178,0.0313249640167,0.0319250896573,0.0281849522144,0.0246851630509,0.0222056917846,0.0278322696686,0.0279749184847,0.0281849522144,0.024680307135,0.029961200431,0.0238118860871,0.023684926331,0.0215800069273,0.0278168600053,0.023669121787,0.0215800069273,0.0222056917846,0.0236135423183,0.0279749184847,0.0319250896573,0.0278322696686,0.0278168600053
0.0283429380506,0.0236274376512,0.0283429380506,0.028182707727,0.0312235821038,0.028182707727,0.024681519717,0.0284925960004,0.021817849949,0.0282231513411,0.0284498054534,0.0284925960004,0.0306358039379,0.0309922471642,0.031122200191,0.0312235821038,0.0319250896573,0.0281849522144,0.0246827341616,0.0225755013525,0.0278322696686,0.0280274264514,0.0282231513411,0.024681519717,0.0261139050126,0.0261139050126,0.0229453090578,0.0216989293694,0.0278168600053,0.023641332984,0.0216989293694,0.0225755013525,0.0236274376512,0.0280274264514,0.0319250896573,0.0278322696686,0.0278168600053
0.0277856811881,0.0235456451774,0.0277856811881,0.028182707727,0.0294628664851,0.028182707727,0.0246818233281,0.0284482184798,0.0217435248196,0.0277931485325,0.0284038409591,0.0284482184798,0.0309296920896,0.0309609696269,0.031041584909,0.0311325825751,0.0319250896573,0.0282040517777,0.0246821269393,0.0231510903686,0.0278284177184,0.0280274264514,0.0282040517777,0.0246818233281,0.0294628664851,0.0245224200189,0.0237266793847,0.0217286590487,0.0278207138181,0.0234638527036,0.0217435248196,0.0231510903686,0.0235456451774,0.0280274264514,0.0319250896573,0.0278284177184,0.0278207138181
0.0277856811881,0.0235251970589,0.0277856811881,0.028182707727,0.0309713445604,0.028182707727,0.0246818996966,0.0284371227026,0.0217435248196,0.0279986001551,0.0284260287881,0.0284371227026,0.0301962792873,0.0305786244571,0.030810104683,0.0309713445604,0.0319250896573,0.0281013250351,0.0246819742024,0.023739207536,0.0278513673693,0.0279776751995,0.0281013250351,0.0246818996966,0.026992643252,0.0252157635987,0.0243273247033,0.0217360928655,0.0278475154191,0.0235047489405,0.0217360928655,0.023739207536,0.0235251970589,0.0279776751995,0.0319250896573,0.0278513673693,0.0278475154191
0.0283838380128,0.023620352149,0.0277856811881,0.028182707727,0.0313171297312,0.028182707727,0.024681918323,0.0283795334399,0.0222387295216,0.0282178614289,0.0283219441772,0.0283795334399,0.0295891370624,0.0300838798285,0.0304469913244,0.0307091679424,0.0316211096942,0.0281013250351,0.0246819369495,0.023239357397,0.0278664343059,0.0279456172138,0.0281013250351,0.024681918323,0.0267998017371,0.0267998017371,0.0239262618124,0.0217379517853,0.0278645083308,0.0237155053765,0.0222387295216,0.023239357397,0.023620352149,0.0279456172138,0.0316211096942,0.0278664343059,0.0278645083308
0.0277880057693,0.0236764326692,0.0280847586691,0.0278369821608,0.0305719971657,0.0278369821608,0.0253437589854,0.0283651351929,0.0221135355532,0.0281450264156,0.0283507388085,0.0283651351929,0.0301448218524,0.0304226633161,0.0304348282516,0.0305719971657,0.0316211096942,0.0281304586679,0.0252113975585,0.023239357397,0.0278862304986,0.0279258228838,0.0281450264156,0.0249466579407,0.0277880057693,0.0253437589854,0.0237970948219,0.0219883397222,0.0278645083308,0.0237325113267,0.0221135355532,0.023239357397,0.0236764326692,0.0279258228838,0.0316211096942,0.0278862304986,0.0278645083308
0.0279363822192,0.0238619204611,0.0279363822192,0.0278247371316,0.0304923392832,0.0278247371316,0.0251617543399,0.0283340215683,0.0221135355532,0.0281384829432,0.0283029098064,0.0283340215683,0.0303584095091,0.0303905364126,0.0304126814008,0.0304923392832,0.0316211096942,0.0281377434731,0.0251783020794,0.0233787931502,0.0278857499361,0.0279738530517,0.0281384829432,0.0251617543399,0.0265781264752,0.0250481776893,0.0243623051792,0.0220509376377,0.0278748869896,0.024047408253,0.0220509376377,0.0233787931502,0.0238619204611,0.0279738530517,0.0316211096942,0.0278857499361,0.0278748869896
0.0279363822192,0.023908291012,0.0279363822192,0.0273572579026,0.0304545089602,0.0275130849332,0.0251070335507,0.0283262431622,0.0227305144072,0.0281384829432,0.028318464756,0.0283262431622,0.0303999222815,0.030420679599,0.0304166804999,0.0304545089602,0.0316211096942,0.0281381122768,0.0251700282097,0.0230546537787,0.0278947260231,0.0279504694045,0.0281381122768,0.0251658912748,0.0273572579026,0.0247346684337,0.0247346684337,0.0220665857196,0.0278892945498,0.0239546634257,0.0220665857196,0.0230546537787,0.023908291012,0.0279504694045,0.0316211096942,0.0278947260231,0.0278892945498
