541.0,584.5,727.75,520.75,684.5,727.75,609.59375,268.0,526.5,396.875,839.0,385.0,625.5,510.75,510.75,240.5,189.5,681.0,473.25,526.5,396.75,421.4375,421.4375,240.5,359.5,598.875,598.875,655.5,268.0,473.25,498.34375,450.875,556.6875,553.375,609.59375,588.6875,498.34375
530.875,600.203125,663.609375,600.203125,663.609375,663.3125,596.3671875,268.0,526.5,409.15625,711.0703125,447.875,530.203125,523.71875,418.11328125,287.42578125,287.42578125,696.03515625,356.875,526.5,546.392578125,449.605957031,449.605957031,356.875,511.40625,555.140625,555.140625,566.637207031,268.0,514.543640137,529.158569336,418.11328125,514.543640137,531.259338379,596.3671875,559.973388672,529.158569336
565.5390625,603.055664062,653.368652344,603.055664062,643.424804688,653.368652344,575.911315918,337.598144531,526.5,429.381103516,633.262878418,432.994140625,481.598632812,502.658691406,502.658691406,322.150390625,287.42578125,664.649047852,356.875,526.5,407.196289062,439.493530273,439.493530273,322.150390625,533.2734375,544.20703125,544.20703125,615.643127441,337.598144531,565.093383789,539.370788574,482.619628906,482.619628906,539.192626953,575.911315918,549.583007812,539.370788574
603.909973145,593.676513672,643.421142578,603.909973145,633.473693848,643.421142578,575.911315918,354.997680664,526.5,434.437316895,557.94128418,467.826416016,474.712524414,488.68560791,485.652618408,304.788085938,304.788085938,611.295166016,391.56729126,526.5,443.758300781,481.179870605,481.179870605,391.56729126,538.740234375,541.473632812,541.473632812,569.254638672,354.997680664,515.119384766,541.263305664,485.652618408,443.758300781,541.834777832,575.911315918,543.155883789,541.263305664
603.909973145,598.793212891,640.934265137,528.30090332,638.447387695,572.758666992,575.911315918,377.187835693,526.5,457.80859375,500.84979248,476.739501953,475.726013184,482.205810547,439.574768066,349.14251709,349.14251709,556.072509766,437.89932251,526.5,470.425811768,504.740386963,504.740386963,422.455322266,504.583007812,557.116149902,557.116149902,562.663574219,377.187835693,500.281433105,541.807861328,439.574768066,500.281433105,541.549072266,575.911315918,542.352478027,541.807861328
574.277404785,582.44934082,606.224731445,574.277404785,639.690795898,606.224731445,557.003845215,377.187835693,526.5,481.274475098,519.473083496,466.36541748,466.941589355,474.573699951,407.753967285,400.451782227,378.448242188,537.772827148,469.090393066,517.838500977,513.770996094,493.007446289,493.007446289,400.451782227,509.177001953,537.477294922,537.477294922,550.218200684,377.187835693,496.153625488,539.902099609,482.652923584,496.153625488,533.640075684,557.003845215,537.996276855,539.902099609
574.277404785,578.36340332,614.591247559,522.082702637,622.957763672,567.045654297,541.791259766,411.333618164,522.169250488,508.479949951,523.025878906,450.173431396,452.000640869,463.28717041,466.41317749,389.450012207,389.450012207,530.399353027,434.771087646,529.823242188,445.479431152,507.545074463,507.545074463,434.771087646,519.50012207,552.261474609,552.261474609,540.308776855,411.333618164,518.231201172,538.762023926,492.32220459,492.32220459,536.294677734,541.791259766,537.621948242,538.762023926
548.180053711,563.271728516,618.774536133,535.40838623,618.774536133,559.653564453,541.791259766,419.870056152,525.99621582,521.944152832,507.674041748,458.293304443,455.146972656,459.217071533,475.76965332,406.445404053,400.780273438,519.036682129,476.501159668,542.824890137,428.406524658,514.744628906,514.744628906,406.445404053,531.162475586,541.711975098,541.711975098,525.298583984,419.870056152,503.08694458,535.938903809,475.76965332,525.298583984,528.609619141,541.791259766,533.115783691,535.938903809
547.163574219,552.532958984,589.214050293,547.163574219,618.774536133,589.214050293,528.213562012,419.870056152,534.410522461,518.344360352,516.486328125,467.031494141,461.089233398,460.153137207,460.153137207,403.612854004,403.612854004,517.761474609,468.95690918,534.410522461,473.083984375,516.544494629,516.544494629,448.119750977,536.437255859,539.074584961,539.074584961,499.19128418,419.870056152,468.95690918,534.493408203,487.48046875,514.635864258,531.568481445,528.213562012,533.047912598,534.493408203
547.163574219,549.848266602,594.152832031,543.487792969,594.152832031,564.144287109,524.819091797,419.870056152,534.410522461,517.444458008,518.955505371,463.592315674,461.79385376,461.246948242,432.703369141,438.348205566,418.158111572,511.45791626,463.747619629,534.410522461,518.614135742,530.016113281,530.016113281,438.348205566,527.525695801,533.300170898,533.300170898,508.774902344,419.870056152,463.747619629,532.158996582,504.557312012,511.45791626,526.601318359,524.819091797,529.824584961,532.158996582
545.325683594,547.586975098,582.899658203,547.586975098,586.650695801,582.899658203,524.819091797,444.556091309,534.410522461,523.730285645,511.506103516,448.147827148,454.970825195,458.108886719,458.108886719,428.253173828,428.253173828,513.332336426,457.397766113,524.196289062,501.548706055,526.873168945,526.873168945,451.047912598,514.537231445,528.74822998,528.74822998,511.053619385,444.556091309,457.397766113,530.88067627,507.805480957,511.506103516,529.380126953,524.819091797,529.602355957,530.88067627
546.456298828,547.021606445,583.837402344,547.021606445,584.775146484,583.837402344,521.548400879,458.804260254,529.303405762,525.301757812,511.506103516,453.128356934,454.049591064,456.079223633,468.520080566,446.361694336,441.675476074,512.419189453,457.397766113,529.025817871,501.039123535,526.087463379,526.087463379,446.361694336,507.78817749,518.268188477,518.268188477,511.73638916,458.804260254,457.397766113,530.453369141,468.520080566,518.277709961,529.810791016,521.548400879,530.026123047,530.453369141
546.738952637,556.119506836,579.452209473,556.119506836,575.067016602,546.240234375,521.548400879,458.804260254,529.164611816,525.694580078,514.891906738,460.82421875,457.436889648,456.758056641,462.639068604,444.018585205,444.018585205,513.655517578,451.879730225,529.164611816,507.347320557,525.890991211,525.890991211,451.879730225,513.028198242,532.254211426,532.254211426,509.541870117,458.804260254,483.469818115,530.29296875,462.639068604,483.469818115,530.025268555,521.548400879,530.132507324,530.29296875
552.601806641,553.774353027,568.956604004,552.601806641,568.956604004,532.745239258,512.028747559,458.804260254,529.164611816,525.792785645,508.700500488,459.951385498,459.584259033,458.171142578,451.984985352,448.00177002,448.00177002,501.330383301,463.726013184,538.357421875,522.852355957,525.841918945,525.841918945,459.777252197,517.940307617,532.499755859,532.499755859,510.359924316,458.804260254,463.726013184,528.973571777,491.482727051,501.330383301,525.175842285,512.028747559,527.654174805,528.973571777
556.837097168,553.188110352,548.879882812,541.327270508,565.014526367,548.879882812,509.354156494,458.804260254,533.760986328,525.817382812,503.574462891,455.968200684,457.874969482,457.973693848,457.874969482,454.876708984,450.945648193,504.510192871,461.266906738,533.130371094,525.47857666,533.584594727,533.584594727,454.876708984,522.965820312,528.989135742,528.989135742,507.435058594,458.804260254,461.266906738,528.169006348,499.458892822,503.574462891,527.074707031,509.354156494,527.364440918,528.169006348
550.108642578,551.135131836,556.94720459,550.108642578,556.94720459,529.093200684,507.909240723,475.472839355,533.445678711,529.70098877,505.019378662,456.921569824,457.542114258,457.685974121,478.500488281,452.911193848,452.911193848,504.764770508,458.071807861,533.445678711,515.537963867,531.642822266,531.642822266,458.071807861,519.25189209,529.041137695,529.041137695,506.099914551,475.472839355,483.683410645,525.05078125,478.500488281,505.926208496,516.500488281,507.909240723,521.932495117,525.05078125
551.946594238,550.621887207,555.365844727,551.946594238,555.365844727,529.067138672,507.413482666,485.489135742,533.445678711,530.671875,505.968566895,463.933654785,462.626586914,460.156280518,458.422424316,456.86932373,455.666809082,505.366668701,470.877624512,528.802612305,495.505401611,531.157348633,531.157348633,456.86932373,524.159545898,528.921875,528.921875,505.733276367,485.489135742,470.877624512,520.842224121,496.946258545,506.169128418,511.33480835,507.413482666,516.633666992,520.842224121
551.946594238,551.284240723,555.365844727,541.220825195,555.365844727,528.994506836,507.413482666,487.99319458,531.124145508,535.946350098,506.068847656,461.178039551,461.902313232,461.029296875,461.029296875,456.268066406,456.268066406,505.717773438,463.873474121,530.059326172,513.748596191,513.849243164,525.994689941,463.873474121,517.218933105,521.335205078,521.335205078,513.282653809,487.99319458,492.08013916,516.804077148,501.703735352,513.849243164,508.898010254,507.413482666,512.765869141,516.804077148
546.583740234,548.933959961,548.773010254,548.933959961,548.773010254,531.75769043,509.022399902,494.432067871,530.59173584,524.897827148,508.350097656,461.103668213,461.38458252,461.266143799,458.826324463,457.547180176,457.547180176,506.48248291,477.976806641,527.540039062,500.870910645,525.446289062,525.446289062,463.873474121,524.48828125,524.43762207,524.43762207,510.158294678,494.432067871,477.976806641,515.058654785,505.931030273,506.48248291,511.841491699,509.022399902,513.313232422,515.058654785
547.758850098,548.346435547,546.539428711,544.305908203,546.539428711,532.351501465,508.387420654,494.432067871,529.065917969,525.172058105,508.051269531,459.964996338,460.674804688,460.970458984,483.450744629,464.23614502,459.128753662,507.266876221,469.343566895,525.42388916,515.789794922,520.832885742,520.832885742,464.23614502,520.139038086,524.930786133,524.930786133,513.188903809,494.432067871,495.582855225,514.329223633,483.450744629,495.582855225,513.013671875,508.387420654,513.59979248,514.329223633
546.032348633,547.18939209,542.992431641,534.011108398,542.992431641,532.188110352,505.186279297,499.771484375,527.244873047,529.591552734,505.018188477,471.707885742,466.191345215,463.5809021,471.195892334,464.002380371,464.002380371,506.14251709,477.906433105,529.716491699,505.626708984,525.212219238,525.212219238,473.34967041,524.927734375,524.929260254,524.929260254,509.407806396,499.771484375,493.657104492,513.982421875,471.195892334,493.657104492,513.671447754,505.186279297,513.635620117,513.982421875
540.021728516,543.60559082,537.666931152,543.29901123,543.145751953,537.666931152,505.186279297,501.235290527,528.480712891,527.401855469,499.337646484,471.451904297,467.511444092,466.201263428,469.353668213,469.815216064,464.002380371,502.740081787,484.642578125,526.704956055,514.25769043,520.141601562,520.141601562,469.815216064,525.816345215,519.593505859,519.593505859,512.239379883,501.235290527,484.642578125,513.878540039,490.796508789,490.796508789,513.740234375,505.186279297,513.774658203,513.878540039
541.660400391,541.391479492,539.657348633,541.391479492,541.647827148,539.657348633,505.186279297,501.235290527,527.592834473,523.771728516,495.067077637,470.402770996,468.957092285,467.579162598,479.187835693,466.908813477,466.908813477,498.903564453,477.228881836,527.592834473,516.925598145,508.531860352,521.956665039,477.228881836,521.37097168,520.48223877,520.48223877,505.571472168,501.235290527,495.107025146,513.835266113,479.187835693,508.531860352,513.809387207,505.186279297,513.791992188,513.835266113
541.525939941,541.458740234,540.652587891,541.458740234,540.652587891,530.069824219,501.267333984,505.157867432,527.592834473,516.151794434,500.96307373,474.795288086,471.876190186,469.727661133,469.727661133,469.488830566,469.488830566,499.933319092,479.118408203,528.831298828,519.559692383,514.999633789,514.999633789,479.118408203,520.163452148,520.020996094,520.020996094,506.807006836,505.157867432,496.487487793,513.821166992,487.837646484,497.348358154,513.82232666,501.267333984,513.807128906,513.821166992
541.49230957,541.475524902,535.464111328,528.319885254,540.858337402,535.464111328,501.267333984,508.758300781,528.212036133,515.575683594,499.155700684,472.261474609,472.068847656,470.898254395,479.367950439,474.303619385,471.896240234,499.544494629,486.599243164,524.116516113,518.237670898,521.659790039,521.659790039,474.303619385,519.200561523,519.610778809,519.610778809,503.175750732,508.758300781,486.599243164,513.818664551,479.367950439,503.175750732,513.818237305,501.267333984,513.816162109,513.818664551
534.90612793,538.190795898,537.153503418,536.827453613,538.842895508,537.153503418,501.744445801,511.128143311,526.164306641,518.617736816,500.68862915,475.814697266,473.941772461,472.420013428,472.420013428,473.099914551,473.099914551,500.116577148,480.451416016,522.887573242,505.220123291,515.51348877,515.51348877,480.451416016,518.696655273,519.153686523,519.153686523,506.271453857,511.128143311,496.43536377,512.731567383,492.247497559,505.220123291,509.472625732,501.744445801,511.64440918,512.731567383
535.866821289,537.028808594,537.967041016,527.078369141,537.967041016,528.153564453,502.664367676,509.651123047,524.525939941,517.065612793,502.085449219,474.117370605,474.029571533,473.22479248,482.73614502,476.775665283,473.099914551,501.101013184,488.443389893,524.525939941,508.174133301,521.295898438,521.295898438,476.775665283,523.425109863,521.289428711,521.289428711,503.686218262,509.651123047,488.443389893,512.120361328,482.73614502,503.584259033,510.830322266,502.664367676,511.509155273,512.120361328
531.472595215,534.250732422,534.286987305,527.77331543,535.513671875,534.286987305,502.664367676,509.281860352,524.525939941,522.419433594,502.834838867,476.576599121,476.228149414,474.726470947,476.576599121,474.937805176,474.937805176,501.967926025,482.609527588,524.525939941,504.470947266,521.857666016,521.857666016,482.609527588,522.357299805,518.462158203,518.462158203,502.827087402,509.281860352,495.635253906,510.776000977,493.306976318,504.470947266,507.354064941,502.664367676,509.431610107,510.776000977
529.622924805,531.936828613,534.312805176,533.111938477,534.312805176,526.374572754,502.664367676,508.07913208,524.525939941,522.138549805,503.652893066,476.576599121,475.983398438,475.564422607,484.383789062,478.90435791,475.19921875,502.226715088,482.609527588,525.450256348,506.876403809,517.16607666,517.16607666,478.90435791,523.903808594,521.182983398,521.182983398,507.650787354,508.07913208,501.643005371,510.012145996,484.383789062,502.226715088,509.065032959,502.664367676,509.248321533,510.012145996
531.367431641,531.652099609,533.647583008,526.317382812,533.647583008,523.778808594,502.664367676,508.07913208,524.988098145,519.65234375,502.939819336,478.689147949,478.231811523,476.898132324,478.79675293,476.99798584,476.99798584,502.583251953,491.199981689,524.988098145,514.285583496,521.741699219,521.741699219,480.756958008,523.841308594,517.73425293,517.73425293,506.190307617,508.07913208,491.199981689,509.702789307,495.28704834,495.28704834,509.538574219,502.664367676,509.393432617,509.702789307
528.842407227,530.247253418,528.288146973,531.947387695,532.797485352,528.288146973,500.820037842,509.630737305,524.988098145,520.697021484,500.957763672,478.742950439,478.487365723,477.692749023,486.489898682,478.877471924,476.99798584,501.770507812,491.199981689,520.708862305,516.271789551,521.219360352,521.219360352,478.877471924,520.056518555,519.221557617,519.221557617,505.411010742,509.630737305,491.199981689,509.247253418,486.489898682,505.411010742,508.190093994,500.820037842,508.791748047,509.247253418
530.394897461,530.321044922,530.54284668,525.770202637,530.54284668,523.754882812,501.967773438,511.291015625,522.848510742,523.233642578,502.036651611,482.616424561,480.551879883,479.122314453,478.99987793,478.438201904,477.998931885,501.903564453,491.199981689,521.026672363,518.353088379,507.092895508,522.226501465,478.438201904,519.204833984,520.124145508,520.124145508,503.657287598,511.291015625,497.428649902,509.001220703,491.959289551,507.092895508,508.718688965,501.967773438,508.755218506,509.001220703
528.082519531,529.201782227,527.997314453,518.147338867,528.845825195,527.997314453,501.967773438,513.056518555,521.93762207,520.690490723,504.564758301,480.808166504,480.680023193,479.901184082,479.169677734,481.701690674,478.584289551,503.234161377,484.819091797,521.93762207,517.473083496,521.458496094,521.458496094,481.701690674,518.338989258,519.231567383,519.231567383,503.445739746,513.056518555,498.317718506,508.919799805,496.198242188,498.317718506,508.798461914,501.967773438,508.838348389,508.919799805
525.096374512,526.158325195,527.979553223,525.096374512,527.961791992,527.979553223,500.35559082,514.160644531,521.93762207,521.074462891,502.353759766,479.988922119,480.334472656,480.117828369,488.554016113,480.724365234,479.747009277,502.793945312,491.56842041,520.023193359,515.264770508,521.266479492,521.266479492,480.724365234,519.461791992,519.627380371,519.627380371,503.119842529,514.160644531,497.344116211,508.884277344,488.554016113,498.743438721,508.859130859,500.35559082,508.848754883,508.884277344
525.361816406,525.627319336,527.975097656,523.266113281,527.970703125,527.975097656,500.35559082,514.160644531,520.980407715,521.170471191,500.548583984,484.271484375,482.302978516,481.210388184,484.760681152,480.357177734,480.357177734,503.655578613,491.02331543,519.463500977,517.784301758,522.266296387,522.266296387,487.590332031,518.623046875,519.545410156,519.545410156,502.395568848,514.160644531,491.02331543,508.466705322,484.760681152,503.655578613,507.249511719,500.35559082,508.049133301,508.466705322
525.393432617,524.97064209,527.598449707,525.393432617,527.221801758,523.42590332,499.513061523,514.160644531,520.221923828,521.718383789,502.102081299,484.516082764,483.409545898,482.309967041,482.309967041,484.832000732,480.357177734,502.878845215,490.16506958,519.883666992,510.331573486,519.145629883,519.145629883,484.832000732,519.253356934,521.485656738,521.485656738,509.210266113,514.160644531,490.16506958,508.23626709,496.985473633,498.670532227,507.753723145,499.513061523,508.005828857,508.23626709
525.891845703,525.182006836,525.115966797,525.891845703,526.806030273,522.742736816,499.513061523,513.203369141,520.05279541,520.432006836,500.386291504,483.413024902,483.135955811,482.860626221,483.983978271,482.170593262,482.170593262,501.632568359,488.831787109,520.05279541,507.899719238,515.088989258,515.088989258,487.498535156,520.369506836,522.114196777,522.114196777,510.121276855,513.203369141,488.831787109,508.118347168,503.553375244,507.899719238,507.994995117,499.513061523,508.000427246,508.118347168
525.609130859,525.53692627,526.066223145,525.609130859,526.066223145,522.428466797,499.513061523,511.877441406,520.05279541,517.760498047,504.143005371,483.698486328,483.417236328,483.138916016,493.346130371,485.167877197,483.502563477,502.887786865,486.833190918,520.05279541,510.551544189,512.706542969,512.706542969,485.167877197,521.398986816,521.756591797,521.756591797,510.222717285,511.877441406,499.527252197,507.354400635,496.436706543,502.248046875,505.121520996,499.513061523,506.590454102,507.354400635
525.609130859,525.572998047,524.702026367,518.794921875,525.156738281,524.702026367,500.196807861,511.545959473,520.05279541,518.450134277,502.511779785,488.52230835,485.969787598,484.554351807,484.861114502,485.091186523,484.258544922,502.699768066,492.725524902,520.904663086,508.816070557,515.750732422,515.750732422,485.091186523,521.151855469,518.969848633,518.969848633,506.461242676,511.545959473,492.725524902,506.884307861,501.448974609,508.816070557,506.237976074,500.196807861,506.414215088,506.884307861
522.202026367,524.091186523,524.713867188,520.595825195,524.725769043,524.713867188,502.351623535,511.545959473,520.478759766,517.100463867,503.509094238,486.691711426,486.330749512,485.442565918,493.445770264,486.791625977,484.674865723,503.104431152,490.816955566,520.081176758,505.960266113,518.173278809,518.173278809,486.791625977,520.438110352,519.525512695,519.525512695,506.210754395,511.545959473,490.816955566,506.715393066,499.82824707,499.82824707,506.443603516,502.351623535,506.546447754,506.715393066
522.072021484,522.745056152,524.71685791,522.072021484,524.719848633,524.71685791,501.72076416,510.149536133,520.279968262,517.63684082,502.299499512,490.068725586,488.199737549,486.821166992,491.691436768,487.366516113,487.366516113,504.143920898,489.81060791,520.279968262,508.753112793,517.905029297,517.905029297,488.804290771,519.981811523,519.753662109,519.753662109,504.456359863,510.149536133,489.81060791,506.49798584,491.691436768,504.143920898,506.01473999,501.72076416,506.280578613,506.49798584
522.817382812,522.408569336,524.429077148,520.294189453,524.141296387,524.429077148,501.72076416,509.800415039,520.279968262,517.770935059,503.221710205,490.880065918,489.539916992,488.180541992,488.180541992,488.085388184,487.366516113,503.682800293,489.81060791,520.016845703,509.451324463,519.099609375,519.099609375,488.085388184,519.999328613,519.876464844,519.876464844,501.278594971,509.800415039,489.81060791,506.231445312,498.487609863,501.278594971,505.649261475,501.72076416,505.964904785,506.231445312
521.555786133,522.59387207,524.051269531,520.514587402,523.673461914,524.051269531,501.610229492,509.800415039,520.1484375,518.435302734,502.360717773,489.194061279,489.535095215,488.857818604,489.194061279,487.725952148,487.725952148,503.021759033,489.379302979,520.012451172,514.731872559,510.063018799,519.807128906,488.947998047,517.365600586,518.621032715,518.621032715,502.150177002,509.800415039,489.379302979,506.092041016,500.318908691,510.063018799,505.940368652,501.610229492,505.952636719,506.092041016
521.03515625,521.81451416,523.862365723,515.938781738,523.862365723,521.336181641,503.808502197,511.03326416,520.080444336,517.187011719,504.09866333,489.194061279,489.237884521,489.111206055,494.778381348,488.444793701,487.725952148,503.560211182,489.271484375,520.080444336,512.266113281,515.090332031,515.090332031,488.444793701,519.350891113,518.985961914,518.985961914,506.261901855,511.03326416,489.271484375,506.048828125,494.778381348,506.006774902,506.058654785,503.808502197,506.005645752,506.048828125
518.486938477,520.150756836,522.599243164,520.150756836,523.862365723,522.599243164,503.052581787,511.341491699,520.080444336,516.138671875,504.503173828,491.986206055,490.612060547,489.861633301,492.320007324,488.085388184,488.085388184,504.031677246,489.064819336,519.533203125,507.840698242,515.614501953,515.614501953,488.858154297,519.442016602,519.213989258,519.213989258,507.051300049,511.341491699,489.064819336,506.039245605,499.685668945,502.296661377,506.053741455,503.052581787,506.029693604,506.039245605
519.318847656,520.450927734,522.514648438,520.450927734,522.514648438,520.906616211,503.052581787,511.341491699,519.80682373,515.876586914,501.371887207,491.38760376,491.382568359,490.62210083,491.38760376,488.085388184,488.085388184,503.715789795,488.961486816,520.356689453,505.778259277,513.220947266,513.220947266,488.961486816,519.899353027,519.556640625,519.556640625,508.939361572,511.341491699,499.002075195,506.038665771,499.34387207,501.371887207,506.046508789,503.052581787,506.038085938,506.038665771
519.884887695,520.167907715,521.417297363,517.28112793,521.927978516,521.417297363,502.632385254,509.950683594,520.081787109,516.578857422,502.649688721,491.195617676,491.385070801,491.003601074,491.195617676,488.41394043,488.304412842,502.75390625,493.981781006,518.43182373,514.189575195,511.443664551,511.443664551,488.41394043,517.044433594,518.994262695,518.994262695,509.302856445,509.950683594,493.981781006,506.243530273,503.507324219,502.649688721,506.858642578,502.632385254,506.448364258,506.243530273
518.583007812,519.885925293,521.289733887,516.948608398,521.16217041,521.289733887,502.63671875,509.950683594,519.256835938,514.011230469,502.645385742,491.195617676,491.290344238,491.146972656,489.780456543,488.728179932,489.042419434,502.699645996,493.981781006,519.256835938,516.591918945,507.97277832,514.196166992,488.728179932,516.81817627,517.90625,517.90625,506.001251221,509.950683594,499.991516113,506.371643066,501.749420166,507.97277832,506.551086426,502.63671875,506.499725342,506.371643066
518.911804199,518.825866699,520.949829102,518.911804199,520.609985352,519.156005859,503.970733643,511.610992432,519.256835938,510.992004395,503.975067139,490.488037109,490.889190674,491.018066406,495.811279297,489.457763672,489.457763672,503.337341309,495.673248291,519.256835938,508.304321289,511.922180176,511.922180176,491.354980469,517.362182617,518.53112793,518.53112793,507.461425781,511.610992432,495.673248291,506.516906738,495.811279297,507.461425781,506.824645996,503.970733643,506.66217041,506.516906738
518.911804199,518.868835449,520.331420898,515.395507812,520.331420898,519.291992188,503.595581055,510.784301758,519.256835938,513.193725586,504.845581055,493.149658203,492.01940918,491.518737793,493.665008545,489.457763672,489.457763672,504.091461182,493.514099121,518.796386719,509.957641602,512.557983398,512.557983398,493.514099121,518.31829834,518.663757324,518.663757324,505.776428223,510.784301758,500.724853516,506.582611084,493.665008545,503.220458984,506.707092285,503.595581055,506.64831543,506.582611084
517.153686523,518.011230469,520.331420898,515.284606934,520.331420898,518.819091797,503.501800537,510.784301758,519.026611328,514.239135742,504.126800537,493.407348633,492.414733887,492.11605835,490.936248779,490.197021484,490.197021484,504.109130859,493.514099121,519.002258301,507.03338623,513.39855957,513.39855957,493.514099121,518.66027832,518.741455078,518.741455078,506.404907227,510.784301758,501.089904785,506.610473633,498.614929199,501.089904785,506.6612854,503.501800537,506.638366699,506.610473633
516.219116211,517.11517334,520.331420898,515.467041016,520.331420898,518.780273438,503.501800537,510.784301758,519.014404297,513.818847656,502.608337402,492.171813965,492.248962402,492.204650879,492.248962402,491.855560303,490.197021484,503.358734131,493.514099121,519.014404297,505.196044922,507.731445312,514.432800293,491.855560303,518.720275879,518.730834961,518.730834961,505.800476074,510.784301758,503.44519043,506.623779297,501.030059814,507.731445312,506.635864258,503.501800537,506.637115479,506.623779297
515.843078613,516.479125977,519.943603516,516.479125977,519.943603516,519.143310547,503.501800537,509.387237549,519.014404297,510.775146484,505.169891357,492.210388184,492.229675293,492.217163086,496.623596191,491.440917969,491.026306152,504.264312744,498.479644775,519.014404297,513.566772461,512.604003906,512.604003906,491.440917969,516.143554688,517.437194824,517.437194824,505.032409668,509.387237549,498.479644775,506.628631592,500.82800293,500.82800293,506.629821777,503.501800537,506.633483887,506.628631592
516.161132812,516.320129395,519.743530273,516.320129395,519.743530273,518.490356445,503.501800537,510.432128906,519.014404297,511.689575195,502.998962402,494.416992188,493.32333374,492.770263672,496.799133301,491.337280273,491.233612061,503.631652832,498.479644775,518.752380371,511.476989746,510.132324219,510.132324219,491.337280273,517.447998047,517.442626953,517.442626953,506.346496582,510.432128906,498.479644775,506.629699707,501.572814941,501.572814941,506.630432129,503.501800537,506.630737305,506.629699707
516.240600586,516.280395508,519.743530273,512.827148438,519.743530273,517.951477051,503.01953125,510.432128906,518.883422852,512.447998047,502.768127441,495.608062744,494.465698242,493.617980957,497.02520752,491.570556641,491.570556641,503.199890137,496.836608887,518.424926758,507.338439941,509.161102295,511.479736328,495.19354248,517.936462402,517.697021484,517.697021484,506.842468262,510.432128906,496.836608887,506.630065918,497.02520752,509.161102295,506.630065918,503.01953125,506.630401611,506.630065918
514.533874512,515.407104492,519.295532227,512.284118652,519.295532227,518.272277832,504.554931641,509.658691406,518.654174805,512.366088867,504.429229736,495.410614014,495.391174316,494.504577637,496.217895508,493.792816162,491.570556641,503.814575195,496.015075684,518.654174805,508.885284424,511.922912598,511.922912598,493.792816162,518.104370117,517.900695801,517.900695801,505.328521729,509.658691406,501.082580566,506.630126953,498.650238037,498.650238037,506.630157471,504.554931641,506.630187988,506.630126953
513.408996582,515.629943848,518.172973633,515.629943848,518.073669434,518.172973633,504.554931641,509.465332031,518.654174805,512.14453125,501.539733887,495.433959961,495.602722168,495.053649902,495.433959961,492.68170166,492.68170166,502.677154541,496.170837402,518.328369141,509.271972656,509.666870117,509.666870117,496.170837402,518.002563477,518.114501953,518.114501953,506.369689941,509.465332031,502.459259033,506.630126953,500.554748535,500.554748535,506.630126953,504.554931641,506.630157471,506.630126953
514.519470215,515.074707031,517.760864258,513.764770508,517.348754883,517.760864258,503.554870605,509.416992188,518.491271973,510.905700684,503.206634521,495.433959961,495.518341064,495.286010742,497.269287109,493.879516602,493.879516602,502.362243652,499.041687012,518.302856445,509.368652344,511.715820312,511.715820312,495.624084473,518.152709961,518.133605957,518.133605957,504.365966797,509.416992188,499.041687012,506.630126953,497.269287109,503.206634521,506.630126953,503.554870605,506.630126953,506.630126953
515.163330078,514.608398438,517.263793945,515.163330078,516.766723633,517.703491211,503.554870605,509.404907227,518.397094727,511.310760498,503.206634521,496.351623535,495.934997559,495.61050415,495.159698486,494.519592285,494.519592285,502.784423828,498.187286377,518.397094727,509.392822266,509.381713867,509.381713867,497.332885742,518.143188477,517.918579102,517.918579102,505.706787109,509.404907227,498.187286377,506.630126953,501.07333374,501.07333374,506.630126953,503.554870605,506.630126953,506.630126953
515.163330078,514.885864258,517.125183105,511.928039551,517.125183105,517.70111084,503.554870605,509.401885986,518.397094727,511.722290039,502.139984131,495.741790771,495.845336914,495.727905273,498.407562256,495.222900391,495.222900391,502.462219238,497.622009277,518.049072266,508.90423584,510.654876709,510.654876709,497.056762695,515.93359375,516.926086426,516.926086426,504.084503174,509.401885986,497.622009277,506.630126953,498.407562256,508.90423584,506.630126953,503.554870605,506.630126953,506.630126953
513.545654297,514.215759277,517.413146973,512.435302734,517.125183105,517.413146973,504.892211914,509.27746582,518.223083496,512.078796387,504.184753418,496.584320068,496.460021973,496.093963623,497.495941162,496.139831543,495.222900391,501.993225098,497.622009277,517.574584961,509.153076172,511.366821289,511.366821289,496.139831543,516.754089355,516.840087891,516.840087891,503.703979492,509.27746582,500.662994385,506.630126953,497.495941162,501.993225098,506.630126953,504.892211914,506.630126953,506.630126953
512.990478516,513.603149414,516.88293457,515.436157227,516.352661133,516.88293457,504.167480469,509.246368408,517.898803711,511.722808838,503.813720703,497.040130615,496.750061035,496.42199707,496.958984375,495.681365967,495.681365967,503.10357666,498.771972656,517.369445801,509.215270996,511.544799805,511.544799805,496.88092041,517.061767578,516.950927734,516.950927734,503.303710938,509.246368408,498.771972656,506.630126953,496.958984375,503.10357666,506.630126953,504.167480469,506.630126953,506.630126953
514.060791016,513.908203125,516.750366211,514.060791016,516.617797852,516.878356934,504.167480469,509.238586426,517.634155273,511.633789062,503.458648682,496.999572754,496.874816895,496.648406982,496.803710938,495.981262207,495.981262207,503.28112793,497.526550293,517.634155273,506.255981445,506.346496582,510.244842529,497.526550293,517.006347656,516.914672852,516.914672852,506.124298096,509.238586426,502.448120117,506.630126953,496.803710938,506.346496582,506.630126953,504.167480469,506.630126953,506.630126953
514.022644043,513.98449707,516.78125,511.506408691,516.684082031,516.78125,504.167480469,509.238586426,517.634155273,508.990142822,504.902587891,496.901641846,496.828277588,496.768310547,496.815979004,496.367584229,496.367584229,504.09185791,499.794189453,517.274414062,505.411499023,510.875610352,510.875610352,497.140228271,517.140380859,517.027526855,517.027526855,505.649108887,509.238586426,499.794189453,506.630126953,496.815979004,505.411499023,506.630126953,504.167480469,506.630126953,506.630126953
513.921203613,513.374511719,515.880981445,513.921203613,515.880981445,516.904418945,504.167480469,508.281799316,517.454284668,509.932861328,505.157043457,496.858825684,496.843566895,496.805938721,496.810974121,496.75390625,496.367584229,504.624450684,499.794189453,517.454284668,505.974731445,509.414703369,509.414703369,496.75390625,517.022399902,517.024963379,517.024963379,506.801452637,508.281799316,499.794189453,506.630126953,501.806213379,501.806213379,506.630126953,504.167480469,506.630126953,506.630126953
513.921203613,514.206115723,515.322692871,511.939941406,515.322692871,516.96472168,503.577148438,508.281799316,517.454284668,509.67376709,504.071960449,496.834899902,496.839233398,496.822570801,498.03414917,497.737457275,497.200866699,504.348205566,499.034118652,517.454284668,511.469726562,506.560974121,510.677307129,497.737457275,514.24609375,515.635498047,515.635498047,505.574829102,508.281799316,499.034118652,506.630126953,502.444610596,506.560974121,506.630126953,503.577148438,506.630126953,506.630126953
512.930541992,513.568359375,515.938415527,510.84286499,515.733154297,515.666992188,504.323120117,509.078796387,517.454284668,508.117370605,503.467559814,497.434509277,497.136871338,496.979736328,499.712158203,497.469177246,497.469177246,504.459350586,498.709960938,516.544921875,509.875762939,510.760070801,510.760070801,498.385803223,515.395507812,515.651245117,515.651245117,505.017089844,509.078796387,498.709960938,506.630126953,502.364624023,503.467559814,506.630126953,504.323120117,506.630126953,506.630126953
513.109863281,512.727539062,515.350036621,513.109863281,515.033081055,515.605224609,504.323120117,509.278045654,516.999633789,509.438720703,503.467559814,498.57333374,497.636260986,497.417419434,497.636260986,497.69833374,497.69833374,503.963439941,498.514343262,516.325439453,506.720367432,509.419799805,509.419799805,498.318725586,515.860473633,515.628234863,515.628234863,505.512634277,509.278045654,498.514343262,506.625,504.476928711,505.512634277,506.609680176,504.323120117,506.619903564,506.625
513.014282227,512.918701172,515.366516113,513.014282227,515.255371094,515.366516113,504.620483398,509.278045654,516.662536621,509.429260254,504.192718506,498.104797363,497.757263184,497.643981934,497.757263184,497.930999756,497.85345459,504.078063965,498.514343262,516.662536621,511.174316406,509.424530029,509.424530029,497.930999756,513.51739502,514.572814941,514.572814941,504.795349121,509.278045654,501.654846191,506.399841309,503.065887451,504.844177246,505.726928711,504.620483398,506.174682617,506.399841309
513.014282227,512.966491699,515.310913086,511.195495605,515.310913086,514.969665527,504.620483398,509.75213623,516.662536621,510.31237793,504.518432617,497.931030273,497.844146729,497.74407959,499.786468506,498.220855713,498.51071167,504.298248291,500.084594727,516.662536621,512.234863281,508.364929199,508.364929199,498.220855713,514.243530273,513.403808594,513.403808594,506.050323486,509.75213623,503.067443848,506.051147461,499.786468506,504.733642578,505.230285645,504.620483398,505.702484131,506.051147461
512.104858398,512.535644531,515.140258789,510.41583252,515.310913086,514.889282227,504.620483398,510.372802734,516.662536621,510.381347656,504.626037598,498.858764648,498.199584961,498.04776001,498.199584961,498.759246826,498.365783691,504.462158203,501.110076904,515.033203125,507.727844238,506.364074707,509.390380859,498.759246826,514.638366699,514.14654541,514.14654541,506.889099121,510.372802734,501.110076904,505.883178711,503.337768555,506.364074707,505.55355835,504.620483398,505.715209961,505.883178711
511.579162598,511.898010254,515.057434082,511.579162598,515.225585938,515.057434082,505.056396484,509.711547852,515.847900391,508.372711182,505.059143066,498.529174805,498.285217285,498.206054688,500.81149292,498.660888672,498.5625,504.760650635,501.110076904,514.997192383,506.905487061,508.51473999,508.51473999,498.660888672,514.817749023,514.482177734,514.482177734,505.725585938,509.711547852,504.187072754,505.81048584,500.81149292,505.725585938,505.676391602,505.056396484,505.737792969,505.81048584
512.488586426,511.738586426,514.311767578,512.488586426,514.311767578,514.781738281,505.223693848,509.010040283,515.422546387,508.443725586,505.225067139,499.670349121,498.784851074,498.591918945,498.784851074,498.611694336,498.611694336,504.992858887,500.654724121,515.422546387,508.308532715,508.479248047,508.479248047,500.654724121,514.793762207,514.631958008,514.631958008,505.359222412,509.010040283,504.00390625,505.662658691,502.859344482,502.859344482,505.291809082,505.223693848,505.514801025,505.662658691
512.488586426,512.113586426,514.183837891,513.330200195,513.820983887,514.547180176,505.223693848,509.010040283,515.422546387,508.461486816,504.042205811,499.227600098,498.902648926,498.799072266,498.902648926,499.122436523,499.122436523,504.273864746,500.143981934,515.02722168,506.413024902,507.958251953,507.958251953,500.143981934,514.910522461,514.589599609,514.589599609,506.398254395,509.010040283,505.201080322,505.588592529,504.030212402,504.273864746,505.4402771,505.223693848,505.514526367,505.588592529
512.710449219,512.511474609,514.093261719,512.710449219,514.093261719,513.624389648,505.08493042,509.010040283,515.224853516,508.209869385,504.15802002,498.978302002,498.983886719,498.891479492,498.978302002,499.122436523,499.122436523,504.215942383,502.040405273,514.851196289,510.632110596,508.08404541,508.08404541,501.40826416,512.77130127,514.106994629,514.106994629,505.307098389,509.010040283,502.040405273,505.556152344,504.668640137,504.946166992,505.495910645,505.08493042,505.523742676,505.556152344
512.710449219,512.981567383,513.673522949,512.981567383,513.72265625,513.672729492,504.912597656,509.415557861,515.038024902,508.146972656,504.552093506,498.978302002,498.958679199,498.936279297,499.040557861,500.244873047,499.081481934,504.384033203,502.040405273,514.572509766,507.102539062,508.115509033,508.115509033,500.244873047,513.671875,513.889892578,513.889892578,506.204833984,509.415557861,504.122619629,505.542541504,504.395629883,504.74029541,505.517944336,504.912597656,505.528930664,505.542541504
512.846008301,512.913818359,513.697875977,510.514648438,513.697875977,513.781494141,504.912597656,508.837280273,514.805297852,509.330810547,504.646179199,498.984802246,498.984069824,498.960174561,501.690216064,499.66317749,499.66317749,504.515106201,502.372375488,514.138061523,508.259033203,507.041564941,507.519226074,501.663208008,513.982666016,514.013977051,514.013977051,506.563903809,508.837280273,502.372375488,505.536071777,501.690216064,507.041564941,505.53024292,504.912597656,505.529602051,505.536071777
511.680328369,512.297058105,513.358154297,513.018371582,513.358154297,513.876831055,504.912597656,508.692718506,514.471679688,508.186187744,505.84387207,500.337524414,499.485656738,499.31048584,500.632324219,499.618774414,499.618774414,505.179504395,502.195068359,514.174255371,508.720458984,507.101043701,507.101043701,502.017791748,512.671936035,513.342956543,513.342956543,506.623382568,508.692718506,502.195068359,505.60168457,500.632324219,508.720458984,505.804992676,504.912597656,505.667297363,505.60168457
512.349365234,512.323242188,513.358154297,512.323242188,513.358154297,513.375366211,504.912597656,508.692718506,514.322998047,507.643615723,507.282165527,500.484924316,499.985290527,499.647888184,499.633331299,500.866241455,499.626037598,506.230834961,502.106445312,514.322998047,507.475646973,507.330322266,507.330322266,500.866241455,513.140869141,513.359130859,513.359130859,507.091491699,508.692718506,504.643280029,505.643493652,502.637817383,502.637817383,505.703338623,504.912597656,505.685302734,505.643493652
512.336303711,512.329772949,513.234985352,512.848266602,513.103210449,513.234985352,504.343902588,508.692718506,514.322998047,507.486968994,505.528686523,500.059143066,500.022216797,499.83505249,501.236450195,500.866241455,500.246154785,505.879760742,503.064819336,514.322998047,508.652404785,507.006835938,507.006835938,500.866241455,511.77911377,512.569091797,512.569091797,506.887420654,508.692718506,503.064819336,505.661437988,501.236450195,508.652404785,505.673400879,504.343902588,505.679351807,505.661437988
512.592285156,512.46105957,513.105285645,509.927429199,512.975585938,512.259765625,505.421020508,508.692718506,514.322998047,508.707214355,506.013427734,500.647796631,500.335021973,500.085021973,500.856048584,500.360900879,500.360900879,505.946594238,501.965515137,513.446044922,511.049224854,507.857025146,507.857025146,501.965515137,511.41418457,512.414428711,512.414428711,506.416992188,508.692718506,504.740905762,505.666290283,500.856048584,504.740905762,505.671905518,505.421020508,505.671142578,505.666290283
511.259857178,511.860473633,512.494506836,510.382507324,512.729248047,512.494506836,505.421020508,509.281860352,513.884521484,508.282104492,505.377166748,500.533081055,500.543457031,500.314239502,500.694580078,500.762054443,500.762054443,505.661865234,502.258209229,512.715698242,507.766418457,509.119750977,509.119750977,502.258209229,512.281860352,512.565063477,512.565063477,507.091705322,509.281860352,505.222473145,505.640014648,500.694580078,505.445587158,505.558746338,505.421020508,505.613708496,505.640014648
510.821166992,511.340820312,512.553222656,511.340820312,512.611877441,512.553222656,505.421020508,509.281860352,513.300109863,508.700927734,505.411376953,500.613830566,500.512542725,500.44644165,500.60357666,501.510131836,500.762054443,505.536621094,502.258209229,512.932617188,509.629394531,507.184814453,508.397979736,501.510131836,512.60723877,511.097229004,511.097229004,507.383972168,509.281860352,506.303222656,505.664733887,500.60357666,507.184814453,505.765197754,505.421020508,505.689453125,505.664733887
511.080993652,511.210906982,512.239624023,511.896728516,512.239624023,512.182128906,505.421020508,509.368743896,513.116333008,507.942871094,506.298095703,500.608703613,500.56060791,500.503540039,500.55355835,501.323120117,501.136108398,505.917358398,504.280700684,512.47076416,509.455627441,507.6640625,507.6640625,501.323120117,512.539001465,511.639678955,511.639678955,507.157043457,509.368743896,504.280700684,505.774414062,500.55355835,506.417053223,506.091125488,505.421020508,505.884094238,505.774414062
511.488861084,511.57232666,512.017211914,509.687896729,512.017211914,511.910888672,505.069580078,509.368743896,512.793579102,507.803466797,506.357574463,500.581115723,500.570861816,500.537200928,500.537200928,501.229614258,501.229614258,506.137451172,503.541320801,512.352233887,507.796539307,508.675964355,508.675964355,502.8019104,512.445617676,512.042663574,512.042663574,507.476806641,509.368743896,503.541320801,505.841430664,504.015197754,504.718109131,505.932769775,505.069580078,505.908447266,505.841430664
510.834350586,511.080352783,511.977355957,510.834350586,511.990631104,511.977355957,505.069580078,509.368743896,512.572875977,508.239715576,505.537841797,500.555114746,500.565002441,500.551086426,502.453796387,501.060974121,501.060974121,505.837646484,503.35647583,512.307739258,510.052124023,508.457824707,508.457824707,503.171630859,511.24887085,511.645751953,511.645751953,506.657226562,509.368743896,503.35647583,505.86541748,502.453796387,506.657226562,505.903869629,505.069580078,505.889404297,505.86541748
510.895843506,510.957336426,511.984008789,510.895843506,511.984008789,511.811553955,505.069580078,509.539611816,512.440307617,508.348754883,506.09753418,501.504455566,500.913818359,500.792907715,500.98739624,501.024169922,501.024169922,505.967590332,503.264038086,512.440307617,507.839019775,506.140686035,508.403289795,503.264038086,511.530212402,511.587982178,511.587982178,507.24810791,509.539611816,505.302307129,505.876220703,503.878051758,506.140686035,505.884643555,505.069580078,505.887023926,505.876220703
510.895843506,510.926574707,511.719665527,511.455291748,511.719665527,511.699768066,505.069580078,509.539611816,512.440307617,507.244720459,506.119110107,501.091156006,501.079864502,500.936401367,502.46786499,502.15246582,501.040924072,506.043334961,504.283172607,511.935119629,506.941162109,507.74810791,507.74810791,502.15246582,511.800140381,511.761535645,511.761535645,507.170532227,509.539611816,504.283172607,505.960601807,502.46786499,506.525482178,506.202941895,505.069580078,506.04498291,505.960601807
511.113342285,511.051086426,511.709716797,511.113342285,511.719665527,511.709716797,505.069580078,509.539611816,512.187744141,507.496398926,506.322296143,501.779510498,501.4296875,501.183044434,501.825439453,501.596679688,501.596679688,506.593933105,503.750488281,511.974639893,510.043457031,507.29385376,507.29385376,503.217834473,510.62902832,510.902496338,510.902496338,507.005065918,509.539611816,503.750488281,506.011993408,501.825439453,506.593933105,506.081787109,505.069580078,506.06338501,506.011993408
511.09777832,511.082214355,511.712219238,511.09777832,511.714691162,511.712219238,505.450683594,509.539611816,512.081176758,507.395141602,506.077026367,501.802490234,501.5078125,501.39956665,501.5078125,501.596679688,501.596679688,506.335479736,503.61730957,511.095092773,510.76763916,507.344482422,507.344482422,503.484161377,510.69833374,510.998779297,510.998779297,506.670288086,509.539611816,503.61730957,506.074707031,504.083282471,504.083282471,506.211456299,505.450683594,506.137420654,506.074707031
511.09777832,511.089996338,511.634887695,511.401733398,511.55758667,511.634887695,505.450683594,509.539611816,511.588134766,507.369812012,505.08013916,501.655151367,501.581481934,501.490539551,502.78692627,502.573699951,501.596679688,505.707824707,503.550720215,511.588134766,508.237731934,507.357147217,507.357147217,502.573699951,510.848571777,510.923675537,510.923675537,506.494812012,509.539611816,505.535644531,506.10748291,502.78692627,506.494812012,506.143066406,505.450683594,506.140258789,506.10748291
511.249755859,511.16986084,511.596252441,509.26348877,511.596252441,511.279296875,505.711730957,509.539611816,511.588134766,508.316650391,505.526428223,502.221038818,501.901245117,501.695892334,502.241394043,502.573699951,502.085205078,505.617126465,503.062194824,511.43371582,510.088928223,507.836914062,507.836914062,502.573699951,510.342163086,510.506286621,510.506286621,506.055969238,509.539611816,505.795806885,506.100646973,502.241394043,505.951660156,506.047363281,505.711730957,506.093811035,506.100646973
510.484924316,510.713256836,511.477416992,510.484924316,511.517028809,511.477416992,505.771728516,509.676940918,511.510925293,508.076782227,505.679077148,502.231201172,502.066223145,501.88104248,502.061218262,502.573699951,502.329467773,505.648101807,504.306884766,511.510925293,510.16027832,507.956848145,507.956848145,502.573699951,510.251220703,510.378753662,510.378753662,505.852050781,509.676940918,504.306884766,506.092712402,503.956634521,503.956634521,506.072296143,505.771728516,506.084777832,506.092712402
510.484924316,510.818664551,511.277648926,510.818664551,511.277648926,510.928100586,505.771728516,509.797790527,511.510925293,508.016815186,504.852508545,502.146209717,502.049926758,501.993621826,502.049926758,502.451599121,502.451599121,505.232971191,503.873596191,511.050292969,509.918609619,507.986816406,507.986816406,503.440307617,510.589660645,510.714538574,510.714538574,505.542510986,509.797790527,503.873596191,506.053771973,504.887145996,504.852508545,505.944946289,505.771728516,506.014862061,506.053771973
510.651794434,510.735229492,511.098358154,510.919067383,511.098358154,510.908691406,505.771728516,509.82800293,511.280609131,508.001831055,504.852508545,502.098083496,502.074005127,502.033813477,503.460479736,502.822387695,502.698791504,504.699981689,503.873596191,510.968414307,507.450469971,507.85647583,507.85647583,502.822387695,510.842163086,510.841491699,510.841491699,506.634338379,509.82800293,505.253967285,506.032867432,504.35723877,504.699981689,505.989624023,505.771728516,506.011962891,506.032867432
510.785430908,510.760314941,510.990142822,510.88192749,510.990142822,510.922515869,505.50378418,509.82800293,511.124511719,507.929138184,505.044189453,502.779296875,502.426635742,502.230224609,503.293731689,502.7605896,502.7605896,504.872070312,503.347991943,511.124511719,509.18649292,507.892822266,507.892822266,503.347991943,510.014343262,510.42791748,510.42791748,505.753204346,509.82800293,505.503601074,506.02355957,504.398681641,504.398681641,506.006011963,505.50378418,506.014221191,506.02355957
510.833679199,510.79699707,510.933410645,510.876647949,510.933410645,510.692138672,505.50378418,509.667633057,511.124511719,507.910980225,504.721435547,503.036499023,502.731567383,502.480895996,503.439788818,502.7605896,502.7605896,504.702972412,503.347991943,511.124511719,510.099700928,507.123352051,507.123352051,503.347991943,510.057006836,510.242462158,510.242462158,506.053527832,509.667633057,505.778564453,506.019042969,504.609191895,504.702972412,506.014770508,505.50378418,506.01449585,506.019042969
510.855163574,510.826080322,510.799377441,509.001556396,510.906585693,510.799377441,505.303588867,509.667633057,511.124511719,508.456268311,504.912414551,503.23815918,502.984863281,502.732879639,503.215820312,503.16809082,502.988220215,504.807678223,503.347991943,510.68347168,510.391601562,506.877655029,506.877655029,503.16809082,510.224304199,510.233398438,510.233398438,506.34274292,509.667633057,506.060668945,505.945953369,504.855438232,505.447631836,505.731201172,505.303588867,505.87286377,505.945953369
509.928344727,510.377197266,510.747436523,510.588287354,510.747436523,510.443359375,505.339599609,509.667633057,510.903991699,507.66696167,505.144012451,503.226989746,503.105926514,502.919403076,503.949584961,503.092041016,503.015991211,504.975830078,504.704345703,510.903991699,507.68371582,507.27230835,507.27230835,503.092041016,510.370361328,510.338378906,510.338378906,507.013244629,509.667633057,505.858795166,505.902099609,503.949584961,505.848693848,505.84362793,505.339599609,505.85824585,505.902099609
510.258300781,510.317749023,510.541687012,510.532592773,510.640014648,510.541687012,505.339599609,509.667633057,510.903991699,507.46963501,505.496337891,503.588287354,503.347106934,503.133239746,503.112640381,503.064331055,503.064331055,505.236083984,504.878479004,510.297363281,509.011047363,507.37097168,507.37097168,503.898193359,509.690704346,510.317871094,510.317871094,506.124664307,509.667633057,504.878479004,505.829772949,505.037109375,505.469604492,505.656616211,505.339599609,505.757446289,505.829772949
