447.75,443.25,796.0,730.5,646.0,730.5,443.25,447.75
671.4375,445.5,700.96875,572.109375,590.390625,542.09375,572.109375,590.390625
621.7734375,493.796875,586.920898438,606.08203125,599.557617188,599.557617188,588.655761719,588.655761719
578.434570312,587.044677734,568.213317871,605.64831543,574.531677246,587.044677734,578.434570312,605.64831543
584.362792969,578.031799316,573.323974609,590.61932373,584.362792969,590.61932373,591.840087891,591.840087891
585.908325195,586.518676758,584.550354004,585.908325195,585.259155273,587.045898438,584.550354004,585.259155273
585.781738281,584.925537109,585.279968262,586.512817383,585.781738281,586.512817383,584.925537109,585.279968262
585.527099609,585.102783203,585.852111816,586.512817383,585.353637695,585.852111816,585.272521973,585.527099609
585.689575195,585.656860352,585.778198242,585.778198242,585.437744141,585.565002441,585.437744141,585.656860352
585.610229492,585.645385742,585.751953125,585.751953125,585.437744141,585.645385742,585.547302246,585.610229492
585.610229492,585.627807617,585.61932373,585.594848633,585.642333984,585.596313477,585.654602051,585.654602051
585.610961914,585.641784668,585.610961914,585.623657227,585.641784668,585.612426758,585.634887695,585.623657227
585.611694336,585.626708984,585.626464844,585.625,585.625,585.63079834,585.627929688,585.626464844
585.622192383,585.626586914,585.626525879,585.626464844,585.62310791,585.622192383,585.626464844,585.626586914
585.624389648,585.625976562,585.624389648,585.625427246,585.624755859,585.624389648,585.624755859,585.625976562
585.625244141,585.625732422,585.624511719,585.625244141,585.625244141,585.624511719,585.624511719,585.625244141
585.62487793,585.625183105,585.624511719,585.625488281,585.625061035,585.625183105,585.62487793,585.625061035
585.625,585.625244141,585.625,585.62487793,585.625,585.625244141,585.625,585.625
585.62512207,585.62512207,585.625061035,585.625,585.625061035,585.625,585.625061035,585.625
585.625061035,585.62512207,585.625061035,585.625061035,585.625061035,585.625061035,585.625061035,585.625061035
585.62512207,585.62512207,585.62512207,585.625061035,585.62512207,585.62512207,585.62512207,585.62512207
585.62512207,585.62512207,585.62512207,585.62512207,585.62512207,585.62512207,585.62512207,585.62512207
585.62512207,585.62512207,585.62512207,585.62512207,585.62512207,585.62512207,585.62512207,585.62512207
585.62512207,585.62512207,585.62512207,585.62512207,585.62512207,585.62512207,585.62512207,585.62512207
585.62512207,585.62512207,585.62512207,585.62512207,585.62512207,585.62512207,585.62512207,585.62512207
585.62512207,585.62512207,585.62512207,585.62512207,585.62512207,585.62512207,585.62512207,585.62512207
585.62512207,585.62512207,585.62512207,585.62512207,585.62512207,585.62512207,585.62512207,585.62512207
585.62512207,585.62512207,585.62512207,585.62512207,585.62512207,585.62512207,585.62512207,585.62512207
585.62512207,585.62512207,585.62512207,585.62512207,585.62512207,585.62512207,585.62512207,585.62512207
585.62512207,585.62512207,585.62512207,585.62512207,585.62512207,585.62512207,585.62512207,585.62512207
585.62512207,585.62512207,585.62512207,585.62512207,585.62512207,585.62512207,585.62512207,585.62512207
585.62512207,585.62512207,585.62512207,585.62512207,585.62512207,585.62512207,585.62512207,585.62512207
585.62512207,585.62512207,585.62512207,585.62512207,585.62512207,585.62512207,585.62512207,585.62512207
585.62512207,585.62512207,585.62512207,585.62512207,585.62512207,585.62512207,585.62512207,585.62512207
585.62512207,585.62512207,585.62512207,585.62512207,585.62512207,585.62512207,585.62512207,585.62512207
585.62512207,585.62512207,585.62512207,585.62512207,585.62512207,585.62512207,585.62512207,585.62512207
585.62512207,585.62512207,585.62512207,585.62512207,585.62512207,585.62512207,585.62512207,585.62512207
585.62512207,585.62512207,585.62512207,585.62512207,585.62512207,585.62512207,585.62512207,585.62512207
585.62512207,585.62512207,585.62512207,585.62512207,585.62512207,585.62512207,585.62512207,585.62512207
585.62512207,585.62512207,585.62512207,585.62512207,585.62512207,585.62512207,585.62512207,585.62512207
585.62512207,585.62512207,585.62512207,585.62512207,585.62512207,585.62512207,585.62512207,585.62512207
585.62512207,585.62512207,585.62512207,585.62512207,585.62512207,585.62512207,585.62512207,585.62512207
585.62512207,585.62512207,585.62512207,585.62512207,585.62512207,585.62512207,585.62512207,585.62512207
585.62512207,585.62512207,585.62512207,585.62512207,585.62512207,585.62512207,585.62512207,585.62512207
585.62512207,585.62512207,585.62512207,585.62512207,585.62512207,585.62512207,585.62512207,585.62512207
585.62512207,585.62512207,585.62512207,585.62512207,585.62512207,585.62512207,585.62512207,585.62512207
585.62512207,585.62512207,585.62512207,585.62512207,585.62512207,585.62512207,585.62512207,585.62512207
585.62512207,585.62512207,585.62512207,585.62512207,585.62512207,585.62512207,585.62512207,585.62512207
585.62512207,585.62512207,585.62512207,585.62512207,585.62512207,585.62512207,585.62512207,585.62512207
585.62512207,585.62512207,585.62512207,585.62512207,585.62512207,585.62512207,585.62512207,585.62512207
