596.5,578.625,394.8125,240.90625,328.453125,328.453125,616.75,596.5
587.5625,491.1875,366.046875,347.25,337.8515625,477.30078125,536.900390625,536.900390625
521.972167969,539.375,356.6484375,356.6484375,407.576171875,472.23828125,504.569335938,521.972167969
530.673583984,530.673583984,356.6484375,382.112304688,427.175292969,427.175292969,513.270751953,513.270751953
521.972167969,443.661010742,412.886657715,420.030975342,420.030975342,470.223022461,470.223022461,521.972167969
482.816589355,447.851623535,447.851623535,420.030975342,445.12701416,457.675018311,489.823608398,489.823608398
473.560302734,467.085876465,433.94128418,439.53414917,439.53414917,473.749328613,480.034729004,473.560302734
470.3230896,452.132202148,445.833190918,445.833190918,456.641723633,468.338226318,470.949279785,470.949279785
470.636169434,448.982696533,447.407958984,452.024841309,452.024841309,469.643737793,469.643737793,470.636169434
459.809448242,453.608703613,452.816772461,452.816772461,460.834289551,465.239013672,467.937591553,467.937591553
456.709075928,456.709075928,452.816772461,456.825531006,461.032287598,464.484924316,466.211242676,466.211242676
461.460144043,454.762939453,455.794250488,458.413269043,461.44909668,463.830169678,463.830169678,461.460144043
461.460144043,455.278594971,455.278594971,459.931182861,461.88067627,461.88067627,462.645141602,462.645141602
460.411712646,456.823974609,458.377563477,458.377563477,461.88067627,462.262908936,462.454040527,460.411712646
458.617858887,458.497711182,458.43762207,458.43762207,462.071777344,462.262908936,461.337310791,461.337310791
459.947570801,458.497711182,458.467651367,460.269714355,461.266296387,461.266296387,461.337310791,459.947570801
459.947570801,458.482666016,459.376190186,460.321228027,460.793762207,460.793762207,460.642456055,460.642456055
459.928771973,459.295654297,459.808441162,460.301086426,460.301086426,460.718109131,460.718109131,459.928771973
459.612213135,459.710327148,460.005706787,460.153381348,460.43572998,460.576904297,460.252838135,460.252838135
459.661254883,459.833496094,459.833496094,460.294555664,460.294555664,460.414855957,460.333862305,460.333862305
459.747375488,459.747375488,460.064025879,460.064025879,460.354705811,460.354705811,460.333862305,460.333862305
459.747375488,459.747375488,460.064025879,460.209350586,460.282043457,460.282043457,460.333862305,460.333862305
460.031860352,459.979003906,459.979003906,460.245697021,460.26385498,460.298858643,460.16973877,460.031860352
460.066497803,459.992218018,459.992218018,460.254760742,460.276794434,460.223266602,460.127563477,460.066497803
460.02935791,460.02935791,460.123474121,460.200134277,460.211700439,460.169616699,460.118041992,460.118041992
460.073699951,460.076416016,460.076416016,460.205932617,460.187774658,460.152893066,460.11328125,460.11328125
460.075073242,460.075744629,460.075744629,460.196838379,460.174865723,460.144073486,460.128662109,460.128662109
460.113098145,460.075744629,460.075744629,460.185852051,460.164978027,460.146820068,460.124328613,460.113098145
460.094421387,460.094421387,460.13079834,460.147888184,460.147338867,460.13583374,460.124450684,460.124450684
460.110839844,460.101928711,460.139343262,460.143341064,460.143341064,460.130126953,460.119781494,460.110839844
460.108612061,460.12286377,460.133117676,460.138244629,460.134185791,460.126983643,460.126983643,460.108612061
460.112182617,460.115722656,460.135681152,460.13494873,460.130981445,460.128967285,460.128967285,460.112182617
460.112182617,460.125701904,460.130310059,460.130310059,460.129974365,460.129974365,460.120574951,460.120574951
460.116394043,460.127990723,460.129150391,460.129577637,460.129577637,460.125274658,460.120849609,460.120849609
460.121520996,460.125671387,460.125671387,460.129577637,460.127441406,460.127441406,460.120849609,460.121520996
460.121337891,460.125671387,460.127624512,460.127532959,460.127502441,460.127502441,460.121185303,460.121337891
460.123504639,460.125549316,460.126525879,460.12701416,460.12701416,460.124328613,460.122833252,460.122833252
460.124359131,460.124359131,460.12677002,460.12689209,460.125610352,460.125610352,460.12298584,460.12298584
460.123657227,460.125549316,460.126220703,460.125915527,460.125762939,460.124389648,460.124389648,460.123657227
460.124603271,460.125427246,460.125671387,460.125732422,460.125061035,460.125061035,460.124023438,460.124023438
460.125,460.125,460.125701904,460.125366211,460.125213623,460.124633789,460.124328613,460.124328613
460.124664307,460.125,460.125549316,460.125366211,460.125,460.124664307,460.124664307,460.124664307
460.124755859,460.124816895,460.125457764,460.125244141,460.124938965,460.124816895,460.124816895,460.124755859
460.124786377,460.12512207,460.125183105,460.125061035,460.124938965,460.12487793,460.124816895,460.124816895
460.12487793,460.125061035,460.125061035,460.125061035,460.124908447,460.12487793,460.124847412,460.12487793
460.124938965,460.125,460.125,460.125,460.124938965,460.12487793,460.12487793,460.124938965
460.124938965,460.125,460.125,460.124969482,460.124969482,460.12487793,460.124908447,460.124908447
460.124938965,460.125,460.125,460.124969482,460.124938965,460.124938965,460.124938965,460.124938965
460.124969482,460.125,460.125,460.124938965,460.124938965,460.124938965,460.124938965,460.124938965
460.124938965,460.125,460.124969482,460.124938965,460.124938965,460.124938965,460.124938965,460.124938965
