0.5,0.0,0.0,0.25,0.0,0.0,0.0,0.0,0.0,0.09375,0.0,0.0,0.0,0.0,0.0,0.0,0.0,0.0,0.0,0.0625,0.0,0.0,0.09375,0.0,0.0,0.0,0.0,0.0,0.0,0.0,0.0,0.0,0.0,0.0,0.0,0.0,0.0
0.375,0.0,0.0,0.234375,0.0,0.0,0.0,0.0,0.0,0.11328125,0.0,0.0,0.0,0.0,0.0,0.0,0.0,0.0,0.0,0.11328125,0.0,0.0,0.08203125,0.0,0.0,0.0,0.0,0.0,0.0,0.0,0.0,0.0,0.0,0.0205078125,0.041015625,0.0205078125,0.0
0.1875,0.0,0.1337890625,0.173828125,0.0,0.09375,0.0,0.0,0.0,0.12353515625,0.0,0.0,0.0,0.0,0.0,0.0,0.0,0.0,0.0,0.12353515625,0.0,0.0,0.03076171875,0.0,0.0128173828125,0.015380859375,0.0,0.0,0.0,0.0,0.0,0.0,0.01025390625,0.0288391113281,0.0371704101562,0.0144195556641,0.0144195556641
0.167236328125,0.0401611328125,0.0978393554688,0.167236328125,0.0,0.0978393554688,0.0,0.0144195556641,0.0,0.0872497558594,0.0,0.00630855560303,0.0,0.0,0.0,0.0,0.0,0.00360488891602,0.00720977783203,0.0872497558594,0.0,0.0,0.0217895507812,0.005126953125,0.0149402618408,0.0329523086548,0.0329523086548,0.00724983215332,0.0401611328125,0.00362491607666,0.00180244445801,0.0,0.0211486816406,0.00362491607666,0.0211486816406,0.010814666748,0.00630855560303
0.132537841797,0.0227135419846,0.115188598633,0.127243041992,0.0200805664062,0.115188598633,0.0100402832031,0.00902223587036,0.0164761543274,0.0486795902252,0.00315427780151,0.00551998615265,0.0,0.0,0.0,0.0,0.0,0.00180244445801,0.00699323415756,0.080883026123,0.00251007080078,0.00251007080078,0.0510334968567,0.0131378173828,0.0361222028732,0.0361222028732,0.0486795902252,0.00613498687744,0.0227135419846,0.00417441129684,0.00417441129684,0.00180244445801,0.0171432495117,0.00699323415756,0.0171432495117,0.00856161117554,0.00551998615265
0.123863220215,0.0163769125938,0.0845252275467,0.125553131104,0.0213970541954,0.120370864868,0.0163769125938,0.00800773501396,0.0325778722763,0.0585270822048,0.00433713197708,0.00385559350252,0.000901222229004,0.000225305557251,0.000225305557251,0.0,0.0,0.00176019966602,0.00432614050806,0.0827041268349,0.0128597915173,0.00278992950916,0.0275682136416,0.0151405334473,0.0361222028732,0.0343500375748,0.0585270822048,0.00492125749588,0.0128597915173,0.00422498770058,0.00422498770058,0.00432614050806,0.0151405334473,0.0148048326373,0.0275682136416,0.0148048326373,0.00385559350252
0.104194223881,0.0154976323247,0.11762227118,0.114873677492,0.0180077031255,0.11762227118,0.0154976323247,0.0114062838256,0.0455524772406,0.0628758892417,0.0040963627398,0.00383406691253,0.00141949346289,0.000822399510071,0.000822399510071,0.000653420342132,0.000653420342132,0.00153352017514,0.00292983045802,0.0628758892417,0.00973973516375,0.00344314612448,0.0335765704513,0.0151405334473,0.0242227837443,0.0369674824178,0.0455524772406,0.00637305900455,0.0180077031255,0.00537273287773,0.00383406691253,0.00537273287773,0.0114780850708,0.0242227837443,0.0335765704513,0.0105889458209,0.00973973516375
0.11090824753,0.0154976323247,0.10925257206,0.100882872939,0.0180077031255,0.10925257206,0.0167526677251,0.00993140973151,0.0455524772406,0.0477451309562,0.00585826905444,0.0033164951019,0.00263611413538,0.000971672998276,0.000971672998276,0.000653420342132,0.00789697654545,0.00318984407932,0.0041512819007,0.0748839825392,0.0124045321718,0.0033164951019,0.0542302764952,0.00968753080815,0.0242227837443,0.0412599816918,0.0477451309562,0.00889806635678,0.0124045321718,0.00982196256518,0.00982196256518,0.00263611413538,0.0229096077383,0.0102601777762,0.0229096077383,0.0102601777762,0.00889806635678
0.10589556396,0.0395638868213,0.081317089498,0.0659402310848,0.015206117183,0.0966939479113,0.0395638868213,0.0100957937539,0.0466488040984,0.0610274635255,0.00458738207817,0.00360255409032,0.00180389359593,0.00138778332621,0.00138778332621,0.00164476723876,0.00879225321114,0.00388861307874,0.00712353782728,0.0781005322933,0.00977468304336,0.00360255409032,0.0392265319824,0.00879225321114,0.0191905759275,0.0439543947577,0.0610274635255,0.00977468304336,0.0191905759275,0.0144541999325,0.00982196256518,0.00573336472735,0.0229096077383,0.0123571883887,0.0229096077383,0.0115042440593,0.0115042440593
0.0936063230038,0.0293772313744,0.0878476649523,0.0805451869965,0.02229167521,0.0878476649523,0.0256395060569,0.0120334178209,0.053838133812,0.0695639997721,0.00409496808425,0.00399179058149,0.00159583846107,0.00149181089364,0.00149181089364,0.00368906604126,0.00879225321114,0.00399179058149,0.00540630193427,0.0695639997721,0.00668861856684,0.00668861856684,0.0310680698603,0.00879225321114,0.03157248348,0.042705308646,0.042705308646,0.0203512310982,0.0256395060569,0.00836872775108,0.0113311540335,0.00836872775108,0.026988837868,0.0195111278445,0.0195111278445,0.0115042440593,0.0115042440593
0.090726993978,0.0265739373863,0.083996579051,0.0803453400731,0.0249000228941,0.083996579051,0.0265739373863,0.0157722719014,0.0468801185489,0.0749546736479,0.00404337933287,0.00992318615317,0.00154382467736,0.00151781784371,0.00151781784371,0.00624065939337,0.00751645630226,0.00663869269192,0.00579972937703,0.0749546736479,0.0169335491955,0.00535310152918,0.0272851288319,0.00751645630226,0.0284310411662,0.0454885140061,0.0468801185489,0.0180727764964,0.0169335491955,0.00708422856405,0.00834212824702,0.00663869269192,0.0209557451308,0.0209557451308,0.0272851288319,0.0115042440593,0.00992318615317
0.0873617827892,0.0275024883449,0.0816645920277,0.0776500105858,0.0209167860448,0.0856791809201,0.0237453617156,0.0126736462116,0.0468801185489,0.0783096328378,0.00698328297585,0.0101934121922,0.00409125862643,0.00151781784371,0.00151781784371,0.00634120777249,0.00634120777249,0.00587667664513,0.00585102755576,0.0783096328378,0.0114281326532,0.0114281326532,0.0273938085884,0.0142361009493,0.0255695842206,0.0461843162775,0.0461843162775,0.0157297793776,0.021536372602,0.00771317817271,0.0101934121922,0.0121203428134,0.0207606144249,0.011812293902,0.0207606144249,0.011812293902,0.0157297793776
0.0825058966875,0.0391644537449,0.0701313614845,0.0804077684879,0.0212265793234,0.0701313614845,0.0391644537449,0.0122429700568,0.0465322174132,0.0472904220223,0.00858834758401,0.00939087942243,0.0081058004871,0.00443501304835,0.00151781784371,0.00634120777249,0.0102886538953,0.00699123833328,0.0090469988063,0.0793586969376,0.0125035438687,0.0125035438687,0.0370684340596,0.0102886538953,0.0358769521117,0.0412045866251,0.0472904220223,0.0146543681622,0.0212265793234,0.00837154407054,0.00837154407054,0.00443501304835,0.01490380615,0.013358050026,0.0370684340596,0.0140062086284,0.0140062086284
0.076318629086,0.0462107621133,0.0627716556191,0.0638490915298,0.0257110483944,0.0616942159832,0.0462107621133,0.0128005100414,0.0469113215804,0.0490623787045,0.00898961350322,0.00955906137824,0.00627040676773,0.00343526387587,0.00343526387587,0.00831493083388,0.00930179283023,0.00617197435349,0.0076094865799,0.0710651725531,0.0167157948017,0.0116250608116,0.041020154953,0.0121027994901,0.0449718758464,0.0440579541028,0.0490623787045,0.0131397144869,0.019425380975,0.00799051485956,0.00955906137824,0.00799051485956,0.0124516543001,0.0132289314643,0.041020154953,0.0132289314643,0.0167157948017
0.0666971206665,0.0455913171172,0.0604989901185,0.0666971206665,0.0225682146847,0.0604989901185,0.034389488399,0.0111797861755,0.0479868501425,0.0606135651469,0.0100846998394,0.00845156237483,0.00485283508897,0.0049284696579,0.0049284696579,0.00785167515278,0.0102189239115,0.00799692794681,0.0104192085564,0.0606135651469,0.0191791504622,0.0141704278067,0.047876637429,0.0102189239115,0.0291479229927,0.04602240026,0.04602240026,0.0149277541786,0.0242799576372,0.00890619773418,0.00845156237483,0.00785167515278,0.0258548818529,0.0309099722654,0.0258548818529,0.0140783432871,0.0191791504622
0.0666971206665,0.0437173210084,0.0567720718682,0.0666971206665,0.0234240852296,0.0567720718682,0.0437173210084,0.0210448801517,0.0470046252012,0.0535635389388,0.00926813110709,0.00863252952695,0.00564036238939,0.00528441602364,0.00528441602364,0.00903529953212,0.00962711125612,0.00863252952695,0.0110421497375,0.0572113320231,0.0200494378805,0.0166747886688,0.0330068394542,0.00962711125612,0.0330068394542,0.0499157458544,0.0535635389388,0.0163096748292,0.0200494378805,0.00867887958884,0.00867887958884,0.0110421497375,0.0207934640348,0.0288296118379,0.0288296118379,0.0155658973381,0.0163096748292
0.0617345944047,0.0349792018533,0.0547490119934,0.06013032794,0.0217367615551,0.0547490119934,0.0482216402888,0.0169437881559,0.0502840802073,0.0543853715062,0.00895033031702,0.0168092884123,0.00681283604354,0.00604862626642,0.00604862626642,0.0095478631556,0.00947915855795,0.00848689302802,0.00976452138275,0.0586708299816,0.0172446146607,0.0168092884123,0.030918225646,0.0151363108307,0.0265218093991,0.0500999130309,0.0543853715062,0.0170586705208,0.0349792018533,0.00867887958884,0.00867887958884,0.0095478631556,0.0200367793441,0.0265218093991,0.030918225646,0.0168727263808,0.0170586705208
0.0582418031991,0.0394860729575,0.0569675378501,0.0591860637069,0.0283579826355,0.0569675378501,0.0394860729575,0.0168765373528,0.0523347258568,0.0506613142788,0.0129134338349,0.00968952104449,0.00818035006523,0.00604862626642,0.00604862626642,0.00951351039112,0.0123249106109,0.0107001634315,0.0167507119477,0.0506613142788,0.0169804655015,0.0169804655015,0.0367011502385,0.0161808449775,0.0274221580476,0.0512173175812,0.0512173175812,0.0222868993878,0.0283579826355,0.00842961482704,0.00968952104449,0.0153582571074,0.0235495343804,0.0167507119477,0.0235495343804,0.0169656984508,0.0169656984508
0.0587139353156,0.0482268035412,0.0525971725583,0.0546876266599,0.0283579826355,0.0525971725583,0.0339220277965,0.0164009183645,0.0516363456845,0.052674472332,0.0130982315168,0.0123063931242,0.00711448816583,0.00658155698329,0.00658155698329,0.0114065725356,0.0142806209624,0.0128660649061,0.0167507119477,0.052674472332,0.025451246649,0.0149232652038,0.0287737511098,0.0189150776714,0.0287737511098,0.0514966696501,0.0516363456845,0.0177588202059,0.025451246649,0.0104327490553,0.0123063931242,0.0114065725356,0.0189150776714,0.023263130337,0.023263130337,0.0159988328815,0.0177588202059
0.0567007809877,0.036364428699,0.0497164838016,0.0546876266599,0.0269046146423,0.0497164838016,0.0354298613966,0.0198320243508,0.0516363456845,0.0444666333497,0.0127023123205,0.014461110346,0.00684802234173,0.00671478966251,0.00671478966251,0.0114065725356,0.0165978483856,0.0121363187209,0.0147879514843,0.0472025796771,0.0216050334275,0.0150769157335,0.0324882157147,0.0177564620972,0.036364428699,0.0515665076673,0.0515665076673,0.0216050334275,0.0354298613966,0.0143620595336,0.0136916544288,0.015213843435,0.0205097962171,0.0153933921829,0.0324882157147,0.0153933921829,0.014461110346
0.0532086342573,0.0348314903677,0.0505198463798,0.0517626293004,0.0311672389507,0.0492770597339,0.0332985520363,0.0176127087325,0.0515926964581,0.0406747162342,0.0135817117989,0.0147762307897,0.00678140576929,0.00674809794873,0.00674809794873,0.0140022104606,0.0158793367445,0.0128865009174,0.0150008974597,0.0488612130284,0.0199730042368,0.0156137384474,0.0406747162342,0.0181945674121,0.036364428699,0.0515839681029,0.0515926964581,0.0199730042368,0.0348314903677,0.0154142864048,0.014625210315,0.0161470938474,0.0253413915634,0.0154142864048,0.0253413915634,0.0149272512645,0.0147762307897
0.0518642403185,0.0348314903677,0.0456099808216,0.0518134348094,0.0297801736742,0.050545245409,0.0331489592791,0.0161944702268,0.0515926964581,0.047235596925,0.0148880910128,0.0147843481973,0.00676475185901,0.00675642490387,0.00675642490387,0.0152573846281,0.0149407740682,0.0138593316078,0.0155739951879,0.047235596925,0.0265609808266,0.0147365350276,0.0330080538988,0.0217679794878,0.0244102701545,0.0515883341432,0.0515883341432,0.0229311808944,0.0297801736742,0.0150197483599,0.0150197483599,0.0152573846281,0.0217679794878,0.0196687616408,0.0330080538988,0.0196687616408,0.0147843481973
0.0487371087074,0.0417843014002,0.0461647734046,0.0495245158672,0.0297801736742,0.0461647734046,0.0314645655453,0.015339079313,0.0515905171633,0.0499847382307,0.0151887498796,0.015339079313,0.0109017752111,0.00675850640982,0.00675850640982,0.0152573846281,0.018354376778,0.0145583581179,0.0150661766529,0.0483800545335,0.0217899698764,0.0206487588584,0.0287091620266,0.0200611781329,0.0241889618337,0.0515894256532,0.0499847382307,0.0266272686422,0.0266272686422,0.0185782127082,0.0150313554332,0.0109017752111,0.022125069052,0.0257931333035,0.0257931333035,0.0172265544534,0.0172265544534
0.047450941056,0.029863325879,0.0482812412083,0.049754627049,0.0319929793477,0.0468078553677,0.0328351780772,0.0205661058426,0.050787627697,0.0446537658572,0.015263915062,0.0151476357132,0.0109017752111,0.00779432384297,0.00779432384297,0.0159710552543,0.0184335298836,0.011694249697,0.0178161412477,0.0483306497335,0.0204983353615,0.0237701162696,0.0385199040174,0.0202792994678,0.0362959876657,0.0362959876657,0.0446537658572,0.0238149091601,0.029863325879,0.0151419332251,0.0151419332251,0.0159710552543,0.0230362154543,0.0205207318068,0.0230362154543,0.0205207318068,0.0204983353615
0.0488103590906,0.029863325879,0.0465338900685,0.0475351437926,0.0309281535447,0.0465338900685,0.0318816676736,0.0205434188247,0.0448645204306,0.0479328967631,0.0152057753876,0.0192716345191,0.00934804975986,0.0102269379422,0.0102269379422,0.0172022916377,0.0187407955527,0.0137163531035,0.0204488392919,0.0479328967631,0.0191751942039,0.0192716345191,0.0374079458416,0.0187407955527,0.0282938629389,0.0420083403587,0.0448645204306,0.0212514717132,0.0318816676736,0.018429916352,0.018429916352,0.0137163531035,0.0230362154543,0.0204488392919,0.0230362154543,0.0210078917444,0.0212514717132
0.048172749579,0.0308724977076,0.0468836426735,0.0477030724287,0.0314049124718,0.0468836426735,0.0288322269917,0.0199736654758,0.0448645204306,0.0426129624248,0.0172387044877,0.0181530471891,0.0097874943167,0.0100072156638,0.0100072156638,0.0154593223706,0.0187407955527,0.0164807215333,0.0204724855721,0.0478179827332,0.0232707634568,0.0178761780262,0.0328245908022,0.0187407955527,0.0344001501799,0.0396323353052,0.0396323353052,0.0232707634568,0.0288322269917,0.0174552612007,0.0181530471891,0.0174552612007,0.0230362154543,0.0199736654758,0.0328245908022,0.0201264899224,0.0201264899224
0.0475281961262,0.0298523623496,0.0472496375442,0.0451142974198,0.0301185697317,0.0472496375442,0.0299854651093,0.0190633572638,0.0422484278679,0.0464661419392,0.0181510299444,0.0183742884547,0.0118142962456,0.0109107559547,0.0109107559547,0.0160233825445,0.0187407955527,0.0173163805157,0.017506416887,0.0464661419392,0.0252794679254,0.0189449265599,0.0328245908022,0.0208885055035,0.0284949541092,0.0396323353052,0.0396323353052,0.0216986276209,0.0252794679254,0.0178036503494,0.0183742884547,0.0160233825445,0.0268565490842,0.0276757515967,0.0276757515967,0.0209125578403,0.0209125578403
0.0473889186978,0.0295795612037,0.047319278121,0.0457902178168,0.0280676782131,0.047319278121,0.0295795612037,0.0233695544302,0.0409403815866,0.0432072691619,0.0182626582682,0.0186037924141,0.0142253376544,0.0111366417259,0.0111366417259,0.0173820890486,0.0191352963448,0.0166698805988,0.0170881487429,0.046128179878,0.0219416301697,0.0219416301697,0.0302501711994,0.0229959227145,0.028436338529,0.0402863584459,0.0432072691619,0.0213055927306,0.0280676782131,0.0180889703333,0.0180889703333,0.0142253376544,0.0231827385724,0.0238145068288,0.0267164558172,0.0238145068288,0.0213055927306
0.0465721562505,0.0295795612037,0.0462999790907,0.0465721562505,0.0260876081884,0.0462999790907,0.0288236197084,0.0209866724908,0.0428755395114,0.0449027195573,0.0196246653795,0.0183282382786,0.0142253376544,0.0111366417259,0.0111366417259,0.0182586926967,0.0206273086369,0.0185675043613,0.0204513277858,0.0449027195573,0.0236621275544,0.0236621275544,0.028483312577,0.0206273086369,0.03359792009,0.03359792009,0.0428755395114,0.0222863331437,0.0260876081884,0.0180889703333,0.0183282382786,0.0173383317888,0.0258330255747,0.0205764193088,0.0258330255747,0.0205764193088,0.0222863331437
0.0465721562505,0.0278335846961,0.0463680252433,0.0464360676706,0.0269605964422,0.0463680252433,0.0278921090066,0.0196574553847,0.0428755395114,0.0443959236145,0.0196410603821,0.0218347683549,0.0134592382237,0.0122979395092,0.0122979395092,0.0187797918916,0.0200351551175,0.0201095491648,0.018116582185,0.0443959236145,0.0238730423152,0.0213832054287,0.0303780436516,0.0200351551175,0.0303780436516,0.0387435257435,0.0387435257435,0.022832820192,0.0238730423152,0.018208604306,0.018208604306,0.0187797918916,0.0264955982566,0.0226203128695,0.024664208293,0.0226203128695,0.0218347683549
0.0464700907469,0.0291058141738,0.0461512804031,0.045934535563,0.0254168193787,0.0461512804031,0.0266544632614,0.0211388841271,0.0408095344901,0.0370683223009,0.0207379143685,0.0198672674596,0.0142087275162,0.013253333047,0.013253333047,0.0194074735045,0.019721314311,0.018271625042,0.0196277331561,0.043758597225,0.02326361835,0.0215259287506,0.0304773263633,0.0231084562838,0.0291058141738,0.0409323982894,0.0409323982894,0.022730473429,0.0246924683452,0.018208604306,0.0198672674596,0.0189496800303,0.0238863322884,0.0207849964499,0.0304773263633,0.0207849964499,0.02326361835
0.0461767986417,0.0268991403282,0.0461640395224,0.0416353195906,0.0261579789221,0.0461640395224,0.0264062210917,0.0209619402885,0.0408709645271,0.0426969602704,0.0203025899827,0.0211215615273,0.0169865526259,0.013253333047,0.013253333047,0.0195643939078,0.0195643939078,0.0191782768816,0.0202948376536,0.0426969602704,0.02326361835,0.0203521028161,0.0287323445082,0.0234973952174,0.035019107163,0.037945035845,0.037945035845,0.0229970458895,0.0264062210917,0.0187394171953,0.0187394171953,0.0186406951398,0.0269873607904,0.0186406951398,0.0287323445082,0.0218910202384,0.0211215615273
0.0439060591161,0.031407289207,0.0429287925363,0.0401572100818,0.0266299806535,0.0431606248021,0.031407289207,0.0198013186455,0.0394079983234,0.0357726104558,0.020712075755,0.0204791519791,0.0151199428365,0.0167738553137,0.0150668257847,0.0182223562151,0.0215308945626,0.0194520130754,0.0200480781496,0.0428128764033,0.0218078605831,0.0218078605831,0.0357726104558,0.0242591276765,0.0307122189552,0.0386765152216,0.0386765152216,0.0268546324223,0.0266299806535,0.0191033165902,0.0191033165902,0.0167738553137,0.024324670434,0.0243902113289,0.024324670434,0.0215062908828,0.0204791519791
0.042031634599,0.0336905010045,0.04108164832,0.0390026718378,0.0278243087232,0.04108164832,0.0336905010045,0.020140234381,0.0390422567725,0.0387587957084,0.0204261541367,0.0219348445535,0.0159468986094,0.0157136004418,0.0157136004418,0.0198766253889,0.0220678765327,0.0179061945528,0.0222191438079,0.0401101559401,0.0211302563548,0.0211302563548,0.0332424156368,0.0220678765327,0.0318918898702,0.0359594672918,0.0387587957084,0.023999068886,0.0318918898702,0.0188040360808,0.0188040360808,0.0203619487584,0.0223433095962,0.0233339890838,0.0233339890838,0.0227526798844,0.0219348445535
0.0405171513557,0.0337150879204,0.0400166288018,0.038951613009,0.0298580992967,0.0400166288018,0.0355382859707,0.0210375394672,0.0381652601063,0.0394344776869,0.0207318477333,0.020931052044,0.0181544236839,0.0157136004418,0.0157136004418,0.0209722518921,0.0209722518921,0.018030308187,0.0215303935111,0.0394344776869,0.0215325504541,0.020931052044,0.0282882023603,0.0222055930644,0.0337150879204,0.0374299958348,0.0381652601063,0.0267623141408,0.0267623141408,0.0194643810391,0.0188040360808,0.0194643810391,0.0229360610247,0.0221415366977,0.0282882023603,0.0221415366977,0.0215325504541
0.0402668900788,0.032888494432,0.0397088900208,0.0394011475146,0.0300484001637,0.0397088900208,0.0293394848704,0.02092118375,0.0381652601063,0.0367519594729,0.0208580717444,0.0213101152331,0.0169340111315,0.0163238048553,0.0163238048553,0.0209722518921,0.0215889215469,0.0194757468998,0.0204973872751,0.0367519594729,0.0233607627451,0.0233607627451,0.0311788208783,0.0222624912858,0.0355725437403,0.0355725437403,0.0381652601063,0.0241474322975,0.0293394848704,0.020978666842,0.01913420856,0.0198157988489,0.026720656082,0.0238496623933,0.0238496623933,0.0231444835663,0.0213101152331
0.0399878919125,0.0342305190861,0.0397365801036,0.0396247692406,0.029693942517,0.0397365801036,0.0279777273536,0.0223854221404,0.0381652601063,0.0353586748242,0.0210840925574,0.020678319037,0.0166289079934,0.0164763554931,0.0164763554931,0.02099147439,0.0216269828379,0.0199348852038,0.0202161371708,0.0353586748242,0.0264387391508,0.0222224276513,0.0289075262845,0.0216269828379,0.0319402590394,0.0319402590394,0.0381652601063,0.0262277014554,0.0279777273536,0.0205974020064,0.020678319037,0.0205974020064,0.0270825140178,0.0254176668823,0.0270825140178,0.023363891989,0.023363891989
0.0398063287139,0.0305315591395,0.0397365801036,0.0398063287139,0.0288358349353,0.0397365801036,0.0305315591395,0.0239015445113,0.036258187145,0.0360603220761,0.0208812057972,0.0207595340908,0.0186131559312,0.0164763554931,0.0164763554931,0.021309228614,0.0214681066573,0.0192740205675,0.0197450779378,0.0360603220761,0.0265568308532,0.0242778249085,0.0283376853913,0.0242753103375,0.0309964586049,0.0343511141837,0.036258187145,0.0242406371981,0.0265568308532,0.0206378605217,0.0207595340908,0.0197450779378,0.0256789121777,0.0251173824072,0.0283376853913,0.023363891989,0.0242406371981
0.0397714525461,0.0305315591395,0.0397627353668,0.03978889063,0.0276963338256,0.0397627353668,0.0291139464825,0.0245094634593,0.0362087190151,0.036109790206,0.020820369944,0.0214306041598,0.018711682409,0.0175606366247,0.0175606366247,0.0207225903869,0.0224989503622,0.0200121346861,0.0198786072433,0.036109790206,0.0278353877366,0.0221625100821,0.0296670719981,0.0224989503622,0.029922241345,0.0320090949535,0.0362087190151,0.0242406371981,0.029922241345,0.0206986963749,0.0214306041598,0.018711682409,0.0267159380019,0.0242290403694,0.0267159380019,0.0242348387837,0.0242348387837
0.0397801697254,0.0349948182702,0.0385751128197,0.0373874939978,0.0289616174996,0.0385751128197,0.0290377810597,0.0229700338095,0.0362087190151,0.036109790206,0.0218952018768,0.0210091583431,0.0181361585855,0.0178483985364,0.0178483985364,0.0216107703745,0.0220548603684,0.0208375193179,0.0192951448262,0.036109790206,0.0241002626717,0.0241002626717,0.0286241881549,0.0220548603684,0.0282973852009,0.0341089069843,0.0341089069843,0.0258863680065,0.0282973852009,0.0211807992309,0.0210091583431,0.0192951448262,0.0254724882543,0.024853663519,0.0286241881549,0.024853663519,0.0258863680065
0.0391776412725,0.0321560874581,0.0379059873521,0.0366733260453,0.0286295004189,0.0379059873521,0.0288336407393,0.021989595145,0.0351588129997,0.0323185585439,0.0219423994422,0.0226284563541,0.0187156517059,0.0190249532461,0.0180652122945,0.0218328163028,0.0218328163028,0.0211566500366,0.0187885854393,0.0360129289329,0.0247351396829,0.0226284563541,0.0323185585439,0.0237636752427,0.0313372090459,0.0336266383529,0.0336266383529,0.026039801538,0.0321560874581,0.0207302346826,0.0207302346826,0.0190249532461,0.0261939316988,0.0261168666184,0.0261168666184,0.0253700166941,0.0247351396829
0.038541816175,0.0329277738929,0.035354051739,0.0344959422946,0.0303927939385,0.0362121611834,0.030443828553,0.0223090257496,0.0343927256763,0.0340053513646,0.0221257135272,0.0215118862689,0.0188703015447,0.0184677578509,0.0184677578509,0.0204288847744,0.0227982457727,0.0222935378551,0.0215161442757,0.0356834903359,0.0246977098286,0.0233556199819,0.0300589445978,0.0227982457727,0.0329277738929,0.0340096801519,0.0340053513646,0.0259470492601,0.0275707691908,0.0205795597285,0.0215118862689,0.0215161442757,0.0243233293295,0.0259470492601,0.0300589445978,0.0247264001518,0.0247264001518
0.0357219390571,0.0303337909281,0.0358444005251,0.0357219390571,0.028981782496,0.0358444005251,0.0316857993603,0.0219104550779,0.0341516956687,0.0355800688267,0.0220180843025,0.022303070873,0.0201932229102,0.0184677578509,0.0184677578509,0.0209328513592,0.0215546488762,0.0228328891098,0.0237315967679,0.0355800688267,0.0253223795444,0.0230942554772,0.031493358314,0.0235607884824,0.027612477541,0.0341043584049,0.0341516956687,0.0253223795444,0.0303337909281,0.0240960195661,0.022303070873,0.0209328513592,0.0261314064264,0.0254529435188,0.0261314064264,0.0240493211895,0.0240493211895
0.0357831716537,0.0330584794283,0.0351173058152,0.034985139966,0.0296577867121,0.0351173058152,0.0306717939675,0.0236817002296,0.0341516956687,0.0352826043963,0.0221605785191,0.0230842325836,0.0205630362034,0.0184677578509,0.0184677578509,0.0211512967944,0.0223560426384,0.0229689199477,0.0222397707403,0.0352826043963,0.0242083184421,0.0242083184421,0.0295529179275,0.0242437236011,0.0266173090786,0.0341280251741,0.0341280251741,0.0255510192364,0.0279970876873,0.0227196589112,0.0230842325836,0.0227196589112,0.0251875650138,0.025333315134,0.0251875650138,0.025333315134,0.0255510192364
0.0353841558099,0.0326781794429,0.0350300520658,0.0344376862049,0.0288274362683,0.0347774960101,0.0326781794429,0.0233829654753,0.0341398604214,0.0323546230793,0.0227717719972,0.0232206396759,0.0195153970271,0.0197926424444,0.0197926424444,0.0211344119161,0.0232998840511,0.0228703469038,0.0216870903969,0.0351563282311,0.0268535520881,0.023539332673,0.0271338988096,0.0232998840511,0.0318069979548,0.0329734310508,0.0329734310508,0.0254421681166,0.0268535520881,0.0229019448161,0.0232206396759,0.0235646292567,0.0243760980666,0.0247818306088,0.0271338988096,0.025106491521,0.025106491521
0.0352071039379,0.0322425886989,0.0348536446691,0.0347149930894,0.0290499161929,0.0348536446691,0.0302593372762,0.0240823980421,0.0335566475987,0.0317752882838,0.0229962058365,0.0247518997639,0.0217430740595,0.0197926424444,0.0197926424444,0.0222171470523,0.0227585155517,0.0222051795572,0.0219461359084,0.0340559817851,0.0244958922267,0.0244958922267,0.0305949412286,0.0227585155517,0.0305679626763,0.0305679626763,0.0317752882838,0.0268023312092,0.0290499161929,0.023061292246,0.023061292246,0.0242727026343,0.0257549993694,0.0250601712614,0.0250138510019,0.0250601712614,0.0247518997639
0.0350303724408,0.0312509611249,0.0341282375157,0.0340589135885,0.0290499161929,0.0341282375157,0.0301504395902,0.0245712846518,0.0330142043531,0.0321520790458,0.0238740518689,0.023469388485,0.0207678582519,0.0202802494168,0.0202802494168,0.0230017192662,0.0228801183403,0.0232590772212,0.0225955303758,0.0337092131376,0.0273231659085,0.0238774847239,0.0321520790458,0.0228801183403,0.0280657708645,0.0290687941015,0.0330142043531,0.0258746612817,0.0280657708645,0.0239554941654,0.023469388485,0.0239554941654,0.0255352295935,0.025274541229,0.025274541229,0.0246865749359,0.0258746612817
0.0340808853507,0.0314200222492,0.0338726788759,0.0340808853507,0.02855784446,0.0338726788759,0.0314200222492,0.0249229129404,0.0330142043531,0.0319860726595,0.0236717201769,0.0234148167074,0.0205240547657,0.0204021520913,0.0204021520913,0.0233378224075,0.0231793634593,0.0234148167074,0.0230370685458,0.0329306460917,0.0257374942303,0.0252381991595,0.0301089249551,0.0242076739669,0.0280368812382,0.0310414992273,0.0319860726595,0.0262367874384,0.0280368812382,0.0235334187746,0.0235334187746,0.0233378224075,0.0254348106682,0.0254075434059,0.0254348106682,0.0254075434059,0.0257374942303
0.0339767821133,0.0302464626729,0.0337019190192,0.0335311554372,0.0282973628491,0.0337019190192,0.0314200222492,0.0241688638926,0.0321354791522,0.0329560339451,0.0239202920347,0.0236004870385,0.0204631034285,0.0204326286912,0.0204326286912,0.0232585929334,0.0232585929334,0.0236675553024,0.0231874454767,0.0329560339451,0.0261823013425,0.0261278152466,0.0272538568825,0.0248212423176,0.0302464626729,0.0317708179355,0.0321354791522,0.025448679924,0.0265998654068,0.0235334187746,0.0236004870385,0.0242974944413,0.0248212423176,0.025448679924,0.0272538568825,0.0255725197494,0.0255725197494
0.0337539687753,0.0322675816715,0.03335634619,0.0330107733607,0.0274486131966,0.03335634619,0.0291409268975,0.0238846763968,0.0321354791522,0.0325457565486,0.0239024832845,0.0236759856343,0.0216139629483,0.0214026533067,0.0214026533067,0.0232585929334,0.0232585929334,0.0237850192934,0.0227800626308,0.0329560339451,0.0257256459445,0.0260026119649,0.0287501588464,0.0248212423176,0.0297007076442,0.0302604883909,0.0325457565486,0.0256560649723,0.0297007076442,0.0235669538379,0.0236759856343,0.0216139629483,0.0260375496,0.0255871638656,0.0260375496,0.025724966079,0.0256560649723
0.033382371068,0.0328119620681,0.0330241099,0.032964065671,0.0285746604204,0.033084154129,0.028857793659,0.0237803310156,0.0318205840886,0.0329900719225,0.02384140715,0.0249739214778,0.0215083081275,0.0214818939567,0.0214818939567,0.02240986377,0.0240399166942,0.0231115389615,0.0229458007962,0.0329900719225,0.0258641280234,0.0248386710882,0.0273938551545,0.0240399166942,0.0292792506516,0.0313005521894,0.0318205840886,0.0274676568806,0.0274676568806,0.0232563763857,0.0242573283613,0.0248257145286,0.0252296589315,0.0261097848415,0.0261097848415,0.0256905145943,0.0249739214778
0.0331732183695,0.0294988006353,0.0330456234515,0.0331732183695,0.0293572358787,0.0330456234515,0.029428018257,0.0249450579286,0.0318205840886,0.0329985842109,0.0244076643139,0.0244402475655,0.0222679935396,0.0223211497068,0.0223211497068,0.0232248902321,0.0236324034631,0.0231359731406,0.0230408869684,0.0329985842109,0.0256998706609,0.0256445296109,0.0273836776614,0.0244310311973,0.0268793813884,0.0307393148541,0.0307393148541,0.0258199069649,0.029428018257,0.0241007171571,0.0244402475655,0.0222679935396,0.0244310311973,0.0268793813884,0.0273836776614,0.0257552117109,0.0256998706609
0.0331413187087,0.0294412896037,0.0330775231123,0.0331413187087,0.0294103231281,0.0330775231123,0.0294191706926,0.0259122196585,0.031279951334,0.0308929942548,0.024423956871,0.0247372463346,0.0222945716232,0.0223012156785,0.0223012156785,0.0234286468476,0.0239298380911,0.0227086283267,0.0228747576475,0.0315948575735,0.0255472995341,0.0253670569509,0.0308929942548,0.0241804346442,0.0251926612109,0.0310096330941,0.0310096330941,0.0261078551412,0.0294412896037,0.0251042861491,0.0247372463346,0.023989520967,0.0241804346442,0.0262881703675,0.0262881703675,0.0257275402546,0.0255472995341
0.0331413187087,0.029808210209,0.032373405993,0.0316692851484,0.0294258072972,0.032373405993,0.0296170078218,0.0261001959443,0.0306179448962,0.0313068777323,0.0245806016028,0.0251171961427,0.022599177435,0.0227224603295,0.0227224603295,0.023679241538,0.023679241538,0.0229261666536,0.0229004621506,0.0313068777323,0.0255440697074,0.0251171961427,0.0285905823112,0.0241804346442,0.0291633047163,0.0300910994411,0.0306179448962,0.0258275773376,0.0296170078218,0.0249207653105,0.0249207653105,0.022599177435,0.0251403152943,0.0262964945287,0.0268654488027,0.0262964945287,0.0255440697074
0.0317480564117,0.029758606106,0.0320607312024,0.0318560898304,0.0285979509354,0.0320607312024,0.0303539074957,0.0256086960435,0.0309274811298,0.0299312658608,0.0250946488231,0.0246199797839,0.022660817951,0.0226916391402,0.0226916391402,0.023679241538,0.023679241538,0.0241227634251,0.0232925564051,0.0312719494104,0.025431714952,0.0246199797839,0.0299312658608,0.0246603749692,0.0299248527735,0.0299248527735,0.0309274811298,0.0276744924486,0.0285979509354,0.0243780277669,0.0243780277669,0.0232925564051,0.0261719413102,0.0254784338176,0.0261719413102,0.0258641056716,0.0258641056716
0.0319043919444,0.0296916812658,0.0319704860449,0.0309057533741,0.0285979509354,0.0319704860449,0.0293271038681,0.0255435649306,0.0306768231094,0.0305100586265,0.0248573143035,0.025762848556,0.022976687178,0.022762902081,0.022762902081,0.023679241538,0.023679241538,0.0234319865704,0.0233855098486,0.0310888513923,0.0253962129354,0.0249903462827,0.0302174557,0.0254161581397,0.0302174557,0.0304261669517,0.0306768231094,0.0258619152009,0.0296916812658,0.0246694125235,0.0246694125235,0.0234319865704,0.0256802104414,0.0258630104363,0.0256802104414,0.0258630104363,0.025762848556
0.0315464287996,0.0298634227365,0.0318291336298,0.0310282446444,0.0291448161006,0.0318291336298,0.0296408347785,0.0257032886147,0.0306768231094,0.0310585480183,0.0253100804985,0.024989746511,0.0228697955608,0.0229568965733,0.0229568965733,0.0234150663018,0.0245476998389,0.0234235264361,0.0234045181423,0.0310585480183,0.0253097042441,0.0253097042441,0.0277415476739,0.0251139551401,0.0301447957754,0.0301447957754,0.0306768231094,0.0262866467237,0.0274054966867,0.0242861565202,0.024989746511,0.0242861565202,0.0253970827907,0.02607482858,0.0277415476739,0.0259188376367,0.0259188376367
0.0316877812147,0.0300041101873,0.0315759032965,0.0313933491707,0.0286165773869,0.0315759032965,0.0289579965174,0.0258890576661,0.0306768231094,0.0309154000133,0.0251499135047,0.0252147056162,0.0229133460671,0.0229351222515,0.0229351222515,0.0241991560906,0.0246565565467,0.0241417642683,0.023627564311,0.0309631153941,0.0252697560936,0.0252697560936,0.0288728289306,0.0246565565467,0.029508812353,0.029508812353,0.0309154000133,0.0258729048073,0.0286165773869,0.024473303929,0.024473303929,0.0241417642683,0.0266923084855,0.025895871222,0.0266923084855,0.025895871222,0.0252147056162
0.0315125957131,0.0294810533524,0.031603872776,0.0312139987946,0.0280387178063,0.031603872776,0.0290488153696,0.025892464444,0.030434537679,0.0310885570943,0.0251823104918,0.024938294664,0.022924233228,0.0232340600342,0.0232340600342,0.0242613162845,0.0242613162845,0.0240742210299,0.0238157417625,0.0310885570943,0.0252422317863,0.0250487811863,0.0291908197105,0.0256744325161,0.0293498151004,0.0300729628652,0.030434537679,0.0274608600885,0.0280387178063,0.0241445228457,0.024938294664,0.0249288342893,0.0257834494114,0.0258532203734,0.0258105713874,0.0258532203734,0.0252422317863
0.0313632972538,0.0292321257293,0.0314750447869,0.0313547551632,0.0280387178063,0.0314750447869,0.0286354217678,0.0258728414774,0.030434537679,0.0302062369883,0.0250603035092,0.0247527770698,0.0230791456997,0.0236190259457,0.0236190259457,0.0242613162845,0.0249678753316,0.0242856256664,0.0246869884431,0.0312216561288,0.0257001630962,0.0257001630962,0.0280084051192,0.0253756623715,0.0297441985458,0.0297441985458,0.030434537679,0.0258109718561,0.0286354217678,0.0242150742561,0.0247527770698,0.024529684335,0.0253756623715,0.0246869884431,0.0280084051192,0.0258250534534,0.0258109718561
0.0313869640231,0.0294881612062,0.031447108835,0.0313869640231,0.0283370688558,0.031447108835,0.0284862443805,0.0253128092736,0.030434537679,0.0305742416531,0.0251865573227,0.0252995155752,0.0233490858227,0.0234840549529,0.0234840549529,0.0246145948768,0.0249951295555,0.0244774892926,0.0245473217219,0.0307139456272,0.0264243856072,0.0257001630962,0.0280084051192,0.0249951295555,0.0273237526417,0.0296161808074,0.0305742416531,0.0271486081183,0.0264243856072,0.0245923697948,0.0247810184956,0.0244774892926,0.025031324476,0.0276660788804,0.0276660788804,0.0258180126548,0.0252995155752
0.0314170345664,0.0294694211334,0.0309498533607,0.0309806019068,0.0273807272315,0.0309498533607,0.0294694211334,0.026489444077,0.0305043905973,0.0307353585958,0.025243036449,0.0251840613782,0.0236986707896,0.0235913619399,0.0235913619399,0.0246295351535,0.0246295351535,0.0243707150221,0.0244590193033,0.0307282209396,0.0263843722641,0.0253560952842,0.0278372429311,0.0250132270157,0.028484210372,0.028484210372,0.0307353585958,0.0265052802861,0.0266070961952,0.0245256945491,0.0251840613782,0.025507569313,0.0259664021432,0.0261958185583,0.0261958185583,0.0261616464704,0.0263843722641
0.0311988182366,0.0281424187124,0.0308962296695,0.0311988182366,0.0269939117134,0.0308962296695,0.0282316654921,0.0258367527276,0.0306198745966,0.0299656018615,0.025539893657,0.0250696837902,0.0236450172961,0.023618189618,0.023618189618,0.0246295351535,0.0248213820159,0.0249553043395,0.0251720249653,0.0307854134589,0.0263884421438,0.0263320580125,0.0293113291264,0.0253938920796,0.028730513528,0.028730513528,0.0299656018615,0.0264448262751,0.0281424187124,0.0250166319311,0.0250696837902,0.0252497214824,0.0253938920796,0.0259422082454,0.0257227700204,0.0259422082454,0.0263884421438
0.0311988182366,0.0285816695541,0.0304309166968,0.0311988182366,0.0275681652129,0.0308962296695,0.0278999153525,0.0254748873413,0.030292738229,0.0306081660092,0.0254965554923,0.0256353970617,0.0236316025257,0.0242350436747,0.0240294262767,0.024725459516,0.0250596757978,0.0252150967717,0.025557115674,0.0306081660092,0.0271371304989,0.0263743456453,0.0290209203959,0.0250596757978,0.0285816695541,0.0295116268098,0.0295116268098,0.0264025367796,0.0271371304989,0.0250431578606,0.0250431578606,0.0242350436747,0.0254755038768,0.0257158130407,0.0257158130407,0.0260556973517,0.0256353970617
0.0308148674667,0.0282407924533,0.0309515371919,0.0310068428516,0.0273526478559,0.0309515371919,0.0282407924533,0.0255551412702,0.0299021825194,0.0302113555372,0.0255258493125,0.0255660116673,0.0239333231002,0.0241322349757,0.0241322349757,0.0246185455471,0.0250596757978,0.0247722435743,0.0256364643574,0.0302113555372,0.0268237125129,0.0259500965476,0.0279693007469,0.0252675898373,0.0281734243035,0.0297069046646,0.0297069046646,0.0270343013108,0.0270343013108,0.0249077007174,0.0254966281354,0.0251275040209,0.0252675898373,0.0255916006863,0.0279693007469,0.0255916006863,0.0255660116673
0.0308832023293,0.0288677103817,0.0306179784238,0.0302844196558,0.0271934755147,0.0306179784238,0.027717133984,0.0255605764687,0.0298045426607,0.0302113555372,0.0255432128906,0.0255500078201,0.024032779038,0.0240825079381,0.0240825079381,0.0248730257154,0.0251636318862,0.0251460820436,0.0252547450364,0.0302113555372,0.0269290059805,0.0255480892956,0.0279693007469,0.0252156108618,0.0274394545704,0.0295459255576,0.0295459255576,0.0273230709136,0.0273230709136,0.0250812228769,0.025534003973,0.0250812228769,0.0252156108618,0.0266479887068,0.0277043767273,0.0266479887068,0.0255500078201
0.0303735695779,0.0280847214162,0.0303906537592,0.0303735695779,0.0272582732141,0.0303906537592,0.0287299901247,0.026034463197,0.0296752341092,0.0294833034277,0.0255466103554,0.025377323851,0.024057643488,0.0243259705603,0.0243259705603,0.0250183288008,0.0251169689,0.0251294020563,0.0249120891094,0.0300773251802,0.0262395069003,0.0254470333457,0.0290233120322,0.0251169689,0.0280367992818,0.0288153234869,0.0294833034277,0.0264765918255,0.0280367992818,0.0253076143563,0.025377323851,0.0251294020563,0.0259646438062,0.0267587043345,0.0268694199622,0.0267587043345,0.0264765918255
0.0303735695779,0.0287985485047,0.0298141706735,0.0303735695779,0.027647536248,0.0298141706735,0.0281887631863,0.0259292759001,0.0295792687684,0.0297803133726,0.0254619680345,0.0254533328116,0.0245935227722,0.0243259705603,0.0243259705603,0.0250676497817,0.0250923093408,0.0252797752619,0.0247528068721,0.0297803133726,0.0261599309742,0.0259025413543,0.028530055657,0.0255284756422,0.0285873673856,0.0290833190084,0.0290833190084,0.0264173205942,0.0287985485047,0.0250302106142,0.0254533328116,0.0252797752619,0.0262483581901,0.0265282355249,0.0262483581901,0.0265282355249,0.0261599309742
0.0303735695779,0.0283346809447,0.0298141706735,0.0303735695779,0.028223041445,0.0298141706735,0.0282059013844,0.0262287557125,0.0293312929571,0.0294938087463,0.025457650423,0.0255444794893,0.0244597457349,0.0243928581476,0.0243928581476,0.02513301,0.0253307428211,0.0253687128425,0.0254907812923,0.0297803133726,0.0268001183867,0.0256356261671,0.0285587124527,0.0253307428211,0.0278708152473,0.0292073059827,0.0294938087463,0.0268001183867,0.0283346809447,0.025101961568,0.0255444794893,0.0252963714302,0.0262483581901,0.0257723648101,0.0257723648101,0.0263440832496,0.0263440832496
0.030093871057,0.0283346809447,0.0299540199339,0.0299336891621,0.0282788611948,0.0299540199339,0.0282423812896,0.0258866176009,0.0294125508517,0.0297267176211,0.025672134012,0.025532450527,0.0244263019413,0.0244095809758,0.0244095809758,0.0252727158368,0.0252727158368,0.0255204234272,0.0253527350724,0.0297267176211,0.0267661102116,0.0261038634926,0.0268215425313,0.0257895514369,0.0286319516599,0.0291525349021,0.0291525349021,0.0274283587933,0.0267661102116,0.0252273492515,0.025532450527,0.0252273492515,0.0261249542236,0.0262345187366,0.0268215425313,0.0264033097774,0.0264033097774
0.0300239454955,0.0275691319257,0.0299664177001,0.0299788173288,0.0279146283865,0.0299664177001,0.0280785039067,0.0260605681688,0.0293935872614,0.0282186083496,0.0256022922695,0.0257616117597,0.0248268246651,0.0245138928294,0.0245138928294,0.0252727158368,0.0255311336368,0.0257616117597,0.0253147147596,0.0296156741679,0.0266005489975,0.0266005489975,0.0282186083496,0.0258280448616,0.028892243281,0.028892243281,0.0293935872614,0.0275878682733,0.0275691319257,0.0252276137471,0.0252276137471,0.0253147147596,0.0263247936964,0.026054982096,0.0263247936964,0.0260288920254,0.0260288920254
0.0299951806664,0.0284928791225,0.0296734515578,0.0287995468825,0.0277418792248,0.0296734515578,0.0284303296357,0.02592680417,0.029268251732,0.0292076095939,0.0256819520146,0.0259223151952,0.0247923322022,0.0246531125158,0.0246531125158,0.0252973325551,0.0256149843335,0.0258157383651,0.0251927413046,0.0292076095939,0.0273563358933,0.0268473774195,0.0285554267466,0.0256149843335,0.0284928791225,0.0291429162025,0.029268251732,0.0269707925618,0.0273563358933,0.0254351533949,0.0254351533949,0.0252973325551,0.0259837433696,0.0261257998645,0.0261257998645,0.0260288920254,0.0259223151952
0.0293973647058,0.0281529277563,0.0293783098459,0.0293973647058,0.0275491066277,0.0293783098459,0.0287567488849,0.0259245596826,0.0292369164526,0.0292076095939,0.0258032567799,0.0257707610726,0.0248489715159,0.0247510410845,0.0247510410845,0.0253930334002,0.0253930334002,0.0254934094846,0.0253430753946,0.0292076095939,0.027101855725,0.027101855725,0.0273406133056,0.0257993638515,0.0273093394935,0.0292055830359,0.0292369164526,0.0271400660276,0.0281529277563,0.0259294137359,0.0256192050874,0.0253891143948,0.0269051641226,0.0259791538119,0.0269051641226,0.0259791538119,0.0257707610726
0.0293973647058,0.028761183843,0.0291824620217,0.0291919894516,0.027851017192,0.0291824620217,0.028761183843,0.0257996618748,0.0292369164526,0.0289869364351,0.0257870089263,0.0259217154235,0.0248000063002,0.0251450929791,0.0249228011817,0.0253930334002,0.0255961976945,0.0253673847765,0.0256474651396,0.0287369564176,0.0274859890342,0.0263710319996,0.0274155922234,0.0255961976945,0.0282574612647,0.0282574612647,0.0289869364351,0.0271209608763,0.0274859890342,0.0257743094116,0.0260726697743,0.0251450929791,0.0272454489022,0.0258894078434,0.0274155922234,0.0258894078434,0.0259217154235
0.0292899124324,0.0284310374409,0.0290943533182,0.0290991161019,0.0276685021818,0.0290943533182,0.0282148420811,0.0258445348591,0.0291119255126,0.0288013648242,0.0258543621749,0.0258417725563,0.024972550571,0.0249476768076,0.0249476768076,0.0254946164787,0.0255454070866,0.0256108734757,0.0253962799907,0.0289180353284,0.0269285105169,0.0269285105169,0.0278365276754,0.0263954289258,0.0283229388297,0.02868469432,0.0288013648242,0.0264827478677,0.0283229388297,0.0255852937698,0.0258417725563,0.0255852937698,0.0269055105746,0.0261860787868,0.0269055105746,0.0260538980365,0.0260538980365
0.0291456244886,0.0287845619023,0.0289394576102,0.0289734937251,0.0279957205057,0.0289394576102,0.0281052812934,0.025843154639,0.028956644237,0.0289457645267,0.0258487574756,0.025951327756,0.0249601136893,0.0249538943172,0.0249538943172,0.0255399551243,0.0259704180062,0.0255754143,0.0257911793888,0.0289457645267,0.0269285105169,0.0269285105169,0.0275061354041,0.0259704180062,0.0283957272768,0.0286761857569,0.0286761857569,0.0272940136492,0.0272940136492,0.0257650054991,0.0257650054991,0.0259502474219,0.0262686684728,0.0259502474219,0.0275061354041,0.0260538980365,0.025951327756
0.0290425419807,0.0280392877758,0.0289616398513,0.0289889890701,0.0280175041407,0.0289616398513,0.0280613936484,0.0258851200342,0.028816414997,0.0282367561013,0.0258729998022,0.026085909456,0.0249570049345,0.0249554496258,0.0249554496258,0.0258577596396,0.0258577596396,0.0256929881871,0.0257257185876,0.0289673767984,0.0269285105169,0.0264068152755,0.0282367561013,0.0261195432395,0.027172986418,0.0287462994456,0.0287462994456,0.0265458337963,0.0280613936484,0.0264689959586,0.026085909456,0.0256929881871,0.0268128402531,0.0265458337963,0.0268128402531,0.0263382848352,0.0263382848352
0.0290157645941,0.0280503407121,0.0289751701057,0.028612729162,0.0280394479632,0.0289751701057,0.0280503407121,0.0259855147451,0.0287813581526,0.028513405472,0.0259292572737,0.0259996447712,0.0254251770675,0.0249554496258,0.0249554496258,0.0258577596396,0.0259886514395,0.0259133800864,0.0255253575742,0.0287900529802,0.0266545824707,0.0265719927847,0.0273280180991,0.0259886514395,0.027843195945,0.0287638287991,0.0287638287991,0.0267403945327,0.0273470152169,0.0265074148774,0.0259996447712,0.0254251770675,0.0266601275653,0.0264992062002,0.0273280180991,0.0264992062002,0.0267403945327
0.028814246878,0.0276986770332,0.0289349388331,0.0288947075605,0.0278690624982,0.0289349388331,0.0279597006738,0.0262423604727,0.0287077948451,0.0287165269256,0.0259644500911,0.0259389150888,0.0254251770675,0.0250728800893,0.0250728800893,0.0259232055396,0.0259559284896,0.0255646146834,0.0260380208492,0.0287165269256,0.0266429577023,0.0266347415745,0.027585607022,0.0259559284896,0.0281747169793,0.0281747169793,0.0287077948451,0.0273129083216,0.0273129083216,0.026253528893,0.026253528893,0.0257242359221,0.0261921808124,0.0266830194741,0.0266830194741,0.0266197994351,0.0266429577023
0.0288745928556,0.0278291888535,0.0289097949862,0.0288846492767,0.0275909863412,0.0289097949862,0.0278291888535,0.0260906368494,0.0287077948451,0.0285788923502,0.0260275434703,0.0262354966253,0.0255747064948,0.0256122946739,0.0251983366907,0.0259395670146,0.0259477477521,0.0255599357188,0.025798978284,0.0287165269256,0.0269758794457,0.0262174643576,0.0278801620007,0.0260699652135,0.0274362880737,0.0284412559122,0.0285788923502,0.026880055666,0.0274362880737,0.0260262526572,0.0262354966253,0.0256122946739,0.0263764932752,0.0267526134849,0.0267526134849,0.0266313776374,0.026880055666
0.0288921929896,0.0276915207505,0.0289009939879,0.0287317708135,0.0275136381388,0.0289009939879,0.0276714134961,0.0263201389462,0.0286433435977,0.0284754522145,0.0260953046381,0.0259792469442,0.0255935005844,0.0253959186375,0.0253959186375,0.0259436573833,0.0260068103671,0.0257199574262,0.0262757949531,0.0285112466663,0.026596672833,0.026596672833,0.0284086056054,0.0260068103671,0.0275538507849,0.0285422988236,0.0284754522145,0.0266668200493,0.0276915207505,0.0261308737099,0.0259792469442,0.0257199574262,0.0264772102237,0.0265363752842,0.0265363752842,0.0267557166517,0.0266668200493
0.0288119819015,0.0276348665357,0.0289009939879,0.0286437161267,0.0276025794446,0.0289009939879,0.0276470482349,0.0262778885663,0.0285804774612,0.0285564027727,0.0261224992573,0.026258951053,0.0256632585078,0.0254453141242,0.0254453141242,0.0259193088859,0.0259630605578,0.0259212292731,0.0264060851187,0.0285564027727,0.0271171629429,0.026258951053,0.0274724904448,0.0262201353908,0.0280885826796,0.0280885826796,0.0285804774612,0.0266492832452,0.0271171629429,0.0260550603271,0.0260550603271,0.0256632585078,0.0262201353908,0.026516802609,0.0274724904448,0.0265830419958,0.0265830419958
0.0288032963872,0.0273760147393,0.0288255475461,0.0286798495799,0.027489297092,0.0288255475461,0.0275681726635,0.0262684188783,0.0284575037658,0.0280453078449,0.0261954590678,0.0263206940144,0.0256632585078,0.0254453141242,0.0254453141242,0.0257912836969,0.0260915979743,0.0261269621551,0.0260986834764,0.0286181271076,0.0265710875392,0.0265710875392,0.0280453078449,0.0260915979743,0.0278283767402,0.0283345300704,0.0284575037658,0.0264994241297,0.0278283767402,0.0262162983418,0.0262162983418,0.0261269621551,0.0262988358736,0.0269859582186,0.0269859582186,0.0264861471951,0.0263206940144
0.0287415720522,0.027831427753,0.0285327658057,0.0286023691297,0.0276588369161,0.0285327658057,0.0278344769031,0.0264426320791,0.0283752363175,0.0284347664565,0.0262580774724,0.0263482201844,0.025554286316,0.0254998002201,0.0254998002201,0.0260253604501,0.0260253604501,0.0262847971171,0.0260757505894,0.0284347664565,0.0265084896237,0.0265084896237,0.0275156330317,0.026195216924,0.0274552796036,0.0282929688692,0.0283752363175,0.0270791314542,0.0274552796036,0.0261225998402,0.0262505486608,0.0263514705002,0.0268554240465,0.0265447981656,0.0266034472734,0.0265447981656,0.0263482201844
0.0286371707916,0.0277389138937,0.0285675674677,0.0285359695554,0.0276510939002,0.0285675674677,0.0277389138937,0.0263954252005,0.0283752363175,0.028409736231,0.0263267513365,0.026384415105,0.0259528793395,0.0256130695343,0.0256130695343,0.0259632039815,0.0259506069124,0.0263512097299,0.0259758010507,0.0284853689373,0.0264283549041,0.026384415105,0.0270444527268,0.0265253204852,0.0274854563177,0.0283341035247,0.028409736231,0.0266201607883,0.0276510939002,0.0264130979776,0.0263589154929,0.0259632039815,0.0265253204852,0.0264789480716,0.0270444527268,0.0264789480716,0.0266201607883
0.0284782387316,0.0279460772872,0.0284687355161,0.0284439884126,0.0276510939002,0.0284687355161,0.0279460772872,0.0264371857047,0.0283924862742,0.0280735269189,0.0263555832207,0.026360604912,0.0257855560631,0.02569931373,0.02569931373,0.0259569063783,0.0262411125004,0.0262753069401,0.0259669218212,0.0284646786749,0.0264856927097,0.0264471285045,0.0277545657009,0.0262411125004,0.0276477113366,0.0276477113366,0.0280735269189,0.0271356273443,0.0271356273443,0.0262744612992,0.0262744612992,0.0262753069401,0.0267848856747,0.0267363227904,0.0267525091767,0.0267363227904,0.0264856927097
0.0284611135721,0.0280767418444,0.0283688306808,0.0283995922655,0.0273933596909,0.0283688306808,0.0280767418444,0.0263988953084,0.0282330065966,0.0283089727163,0.0263772383332,0.0263568796217,0.0259701106697,0.0257208738476,0.0257208738476,0.0260990094393,0.0261700600386,0.0262753069401,0.0261211134493,0.0283089727163,0.0268106609583,0.0264392979443,0.0277011394501,0.0264774728566,0.0275472495705,0.0279004890472,0.0279004890472,0.0270841568708,0.0270841568708,0.0261977873743,0.0263568796217,0.0259701106697,0.0264774728566,0.0267444159836,0.0267444159836,0.0266786925495,0.0266786925495
0.0284149721265,0.0276078656316,0.0283457785845,0.0283227246255,0.0272387582809,0.0283457785845,0.0281612984836,0.0264858920127,0.0280667468905,0.0281570143998,0.0263775624335,0.0265025645494,0.0258454922587,0.0257831830531,0.0257831830531,0.0261345356703,0.0263060033321,0.0261482726783,0.0264327637851,0.0281570143998,0.0267320033163,0.0267320033163,0.0273747369647,0.0263917371631,0.0274452492595,0.027755998075,0.027755998075,0.0270544327796,0.0276078656316,0.0264753885567,0.0264753885567,0.0261482726783,0.0268832370639,0.0265822932124,0.0268832370639,0.0265822932124,0.0265025645494
0.0283688493073,0.0277110356838,0.0282063484192,0.0282178837806,0.0274233110249,0.0282063484192,0.0277923047543,0.0265340916812,0.0279113724828,0.0281874500215,0.0264400634915,0.0266174785793,0.0258143376559,0.0258822441101,0.0258822441101,0.0261425301433,0.0262202695012,0.0260647889227,0.0264834277332,0.0281874500215,0.0273427609354,0.0265948660672,0.0271289870143,0.0266374871135,0.0277335159481,0.0277335159481,0.0279113724828,0.026697890833,0.0273427609354,0.0264665577561,0.0264665577561,0.0261425301433,0.0267025902867,0.0268447212875,0.0267025902867,0.0266400910914,0.0266174785793
0.0282933674753,0.0278754979372,0.0280825197697,0.0282404087484,0.0273830369115,0.0280825197697,0.0277168862522,0.0265418551862,0.0279113724828,0.0276714581996,0.0265079252422,0.0265042074025,0.0259303394705,0.025906290859,0.025906290859,0.026061559096,0.0264288783073,0.0260626357049,0.0266640745103,0.0282139293849,0.026813250035,0.0267874933779,0.0276714581996,0.0264288783073,0.0276458971202,0.0276458971202,0.0279113724828,0.0268390066922,0.0277168862522,0.0265996344388,0.0265042074025,0.026061559096,0.0266682729125,0.0266198627651,0.0266682729125,0.0266198627651,0.026813250035
0.0282668881118,0.0278192479163,0.0280020646751,0.0282668881118,0.0275499615818,0.0280020646751,0.0278192479163,0.0265808589756,0.0278513934463,0.0278370641172,0.0265060663223,0.0266959816217,0.0259183160961,0.026146646589,0.0259481146932,0.0262452177703,0.0263370480388,0.0260262861848,0.0263451803476,0.0280026718974,0.0268003717065,0.0266532190144,0.0278370641172,0.026502661407,0.0277032963932,0.0277032963932,0.0278513934463,0.0271944850683,0.0271944850683,0.0265902467072,0.0265787132084,0.0263684466481,0.0265854671597,0.0264941547066,0.0265854671597,0.0264941547066,0.0266959816217
0.0282668881118,0.0277612730861,0.0280682705343,0.0281344763935,0.0273722223938,0.0280682705343,0.0275957360864,0.0265375077724,0.0278513934463,0.0278856307268,0.026601023972,0.0264461841434,0.0260324813426,0.0259902980179,0.0259902980179,0.026321940124,0.0264123007655,0.0263102427125,0.0264702923596,0.0279198680073,0.0267267953604,0.0267267953604,0.0272112656385,0.0264123007655,0.0275636985898,0.0277322847396,0.0278856307268,0.0273951105773,0.0275636985898,0.0265157949179,0.0264461841434,0.0264130197465,0.0264992434531,0.0264702923596,0.0272112656385,0.0265950672328,0.0265950672328
0.0281675793231,0.0277553834021,0.0280465129763,0.0280247554183,0.0275173541158,0.0280465129763,0.0277553834021,0.0266372486949,0.0278685130179,0.0277159698308,0.0265236049891,0.0265027601272,0.0260113887489,0.0261812359095,0.026000842452,0.0263671204448,0.0263671204448,0.0263616312295,0.0264870971441,0.0278984699398,0.0268552899361,0.0269244350493,0.0273830667138,0.026455771178,0.0273788422346,0.0273788422346,0.0277159698308,0.0270496495068,0.0270496495068,0.0267705954611,0.0265027601272,0.0261812359095,0.026455771178,0.0266372486949,0.0273830667138,0.0267861448228,0.0268552899361
0.0280659012496,0.0275671128184,0.027896374464,0.0280659012496,0.02728350088,0.0280767790973,0.0273534040898,0.0265700034797,0.0277922414243,0.0278974212706,0.0265468042344,0.0264784879982,0.0260963123292,0.0260698087513,0.0260698087513,0.0263671204448,0.0264114458114,0.0262964963913,0.0263917967677,0.0278974212706,0.027004186064,0.0270559005439,0.0274750888348,0.0264114458114,0.0274269655347,0.0276096034795,0.0276096034795,0.0269524697214,0.0273534040898,0.026609223336,0.0264784879982,0.0265811961144,0.0269194189459,0.0266976840794,0.0269194189459,0.0266976840794,0.027004186064
0.0280659012496,0.0274602584541,0.0279418677092,0.0280659012496,0.0273184515536,0.0279868394136,0.0274602584541,0.0266338437796,0.0277009233832,0.0279196444899,0.026512645185,0.0266891941428,0.0262042805552,0.0261370446533,0.0261370446533,0.0263821929693,0.0263821929693,0.0265403836966,0.0265128202736,0.0279196444899,0.026972796768,0.026972796768,0.0271852239966,0.0266654323786,0.0272285416722,0.0274983439595,0.0274983439595,0.026978328824,0.0272285416722,0.0265438556671,0.0265438556671,0.0266674309969,0.0266654323786,0.0266674309969,0.0271852239966,0.0268380064517,0.0266891941428
0.0280038844794,0.0274023301899,0.0280108656734,0.0280348919332,0.0273314267397,0.0280108656734,0.0274023301899,0.0266615189612,0.02759963274,0.0278396420181,0.0265870820731,0.0265537947416,0.0263611525297,0.026211746037,0.026211746037,0.0263821929693,0.0265238136053,0.0265637338161,0.0265901256353,0.0278396420181,0.0269741788507,0.0269741788507,0.0271960534155,0.0265946239233,0.027195757255,0.0276289917529,0.0276289917529,0.0269091017544,0.027195757255,0.0265669897199,0.0265537947416,0.0263611525297,0.0265946239233,0.0267024971545,0.0271960534155,0.0266958456486,0.0269091017544
0.0280211344361,0.0277048535645,0.0278578586876,0.0280211344361,0.0272635929286,0.0278578586876,0.0273329615593,0.0266076568514,0.02761798352,0.0275178477168,0.0265973694623,0.0266655795276,0.0264037996531,0.0262677744031,0.0262677744031,0.0264530032873,0.0265238136053,0.0264521762729,0.0265211500227,0.0278396420181,0.027153570205,0.0267773643136,0.0275178477168,0.0265592187643,0.0271746627986,0.027621652931,0.02761798352,0.0268057994545,0.0271746627986,0.0266863945872,0.0266655795276,0.0264037996531,0.0268776360899,0.0266911201179,0.0268776360899,0.0268001109362,0.0268001109362
0.0279394965619,0.0276896283031,0.0278566200286,0.0276866145432,0.0272191278636,0.0278566200286,0.0272760447115,0.0266366191208,0.02761798352,0.0277631282806,0.0266169942915,0.0267304442823,0.0263357870281,0.0263017807156,0.0263017807156,0.0264761075377,0.0264761075377,0.0265459902585,0.0267432909459,0.0277631282806,0.0270103029907,0.0266559757292,0.0271782204509,0.0267184264958,0.027128636837,0.0276198182255,0.0276198182255,0.0270103029907,0.027128636837,0.0265573970973,0.0266607776284,0.0265459902585,0.0268804468215,0.0267432909459,0.0271782204509,0.0268001109362,0.0267304442823
0.0278980582952,0.0273425877094,0.0278773382306,0.0277248714119,0.0273141302168,0.0278773382306,0.0273425877094,0.0266835317016,0.0276453923434,0.0274478644133,0.0266502629966,0.0266180690378,0.0263713337481,0.0263365581632,0.0263365581632,0.0264761075377,0.0265972670168,0.0265981256962,0.0265920907259,0.027717506513,0.0269403383136,0.0266270507127,0.027238599956,0.0265972670168,0.0273742265999,0.0273742265999,0.0276453923434,0.0268703736365,0.0273141302168,0.0266090873629,0.0266180690378,0.0265920907259,0.026886312291,0.0268432125449,0.027238599956,0.0268432125449,0.0269403383136
0.0278114639223,0.0274762753397,0.0277436506003,0.0276296641678,0.0273141302168,0.0277436506003,0.0274762753397,0.026650801301,0.0276453923434,0.0275507420301,0.0266505330801,0.0266218781471,0.0263539459556,0.0263452529907,0.0263452529907,0.026559876278,0.0265972670168,0.02657921426,0.0265856534243,0.0276735853404,0.0270162951201,0.0266256891191,0.0273268800229,0.0267417896539,0.0270604211837,0.0273946933448,0.0275507420301,0.026992013678,0.0270162951201,0.0267261490226,0.0266218781471,0.026559876278,0.0267417896539,0.0270604211837,0.0273268800229,0.0268917754292,0.026992013678
