367.5,356.0,353.0,445.75,581.0,674.5,289.5,430.25,354.46875,430.25,477.0,692.0,699.75,821.0,510.671875,595.0,509.6875,509.0,424.0,380.6875,630.5,699.75,371.0,371.0,419.0,328.25,354.46875,586.0,665.34375,368.5,410.953125,642.25,427.625,474.8125,344.90625,410.953125,510.671875
439.0859375,433.3359375,479.875,442.41796875,446.466796875,544.75,359.875,395.0625,361.0234375,431.3984375,608.83984375,642.84375,642.84375,743.171875,505.789550781,535.526367188,505.789550781,547.46875,485.734375,361.0234375,665.125,473.21484375,422.107421875,422.107421875,383.279296875,383.279296875,446.466796875,498.4765625,620.82421875,494.662109375,452.807617188,608.83984375,420.713317871,457.514404297,401.210327148,427.024627686,427.024627686
472.437744141,458.773651123,544.357421875,457.427856445,446.466796875,544.553710938,395.63671875,395.349609375,403.745117188,399.547363281,456.301513672,642.84375,558.029296875,681.998046875,487.891540527,546.777832031,526.283691406,517.41784668,463.980316162,380.285400391,553.67565918,521.850769043,454.999481201,454.999481201,383.279296875,452.565032959,380.285400391,481.22845459,567.281555176,530.971801758,491.889709473,545.034179688,456.301513672,476.258300781,451.24230957,476.258300781,458.773651123
480.164642334,458.773651123,500.329467773,468.796264648,413.376098633,522.441589355,397.592041016,396.470825195,402.24029541,388.378112793,464.531494141,600.436523438,561.143676758,584.750671387,530.731323242,507.78704834,543.713684082,526.281311035,470.11932373,388.378112793,530.731323242,501.19921875,478.099365234,478.099365234,395.919952393,517.45111084,402.24029541,499.339782715,518.700439453,524.836120605,508.362915039,526.698547363,477.820648193,501.478424072,464.531494141,526.281311035,458.773651123
505.447998047,458.773651123,482.430480957,487.122131348,407.808197021,502.436035156,392.985076904,394.727966309,405.024230957,456.089538574,475.091705322,580.790100098,540.994628906,534.1171875,523.824707031,524.390869141,527.166687012,518.450500488,498.200317383,396.505859375,526.669921875,502.384643555,490.242004395,490.242004395,396.310546875,456.089538574,396.505859375,498.770050049,523.824707031,521.643310547,507.563659668,520.850830078,499.335754395,500.124237061,491.409759521,507.563659668,475.091705322
514.636352539,466.932678223,478.761108398,500.879241943,402.157043457,490.598571777,424.53729248,409.632629395,408.580230713,405.198852539,503.559265137,560.892333984,560.892333984,520.11907959,519.65246582,512.635070801,514.775634766,513.007080078,505.60369873,402.981933594,517.214050293,517.214050293,490.242004395,490.242004395,426.200042725,414.178527832,408.580230713,509.444580078,514.714233398,507.782775879,505.436828613,515.994873047,503.559265137,508.059570312,499.734680176,486.184753418,486.184753418
517.14440918,476.55871582,491.160186768,509.01184082,405.368652344,490.879394531,413.559204102,412.250366211,411.379394531,408.270568848,494.727294922,560.892333984,539.053222656,510.106750488,509.57131958,525.844116211,512.167480469,509.253173828,507.428436279,408.270568848,514.690795898,503.439147949,496.840576172,496.840576172,415.784362793,439.896118164,439.896118164,497.814666748,503.686981201,485.895324707,504.561889648,510.278381348,494.727294922,509.16897583,504.451843262,493.065002441,493.065002441
513.357849121,484.811859131,492.943725586,511.184844971,422.632385254,491.911560059,410.914886475,411.582641602,425.637756348,409.926605225,499.302154541,535.001953125,535.001953125,515.979980469,500.351226807,514.641601562,513.404541016,512.616577148,510.022521973,409.926605225,514.047668457,505.444122314,499.280914307,499.280914307,420.71105957,443.999572754,443.999572754,481.59072876,502.704101562,493.713623047,494.15246582,501.671691895,498.199493408,503.684234619,499.302154541,493.713623047,500.351226807
506.854553223,492.581542969,496.122924805,509.019714355,433.315979004,494.017242432,410.42074585,411.001708984,434.818664551,416.55279541,497.718200684,535.001953125,535.001953125,506.912231445,513.109130859,510.936767578,512.170654297,509.764404297,501.86807251,422.641418457,513.109130859,503.256408691,501.268676758,501.268676758,427.013519287,416.55279541,427.013519287,495.67755127,502.286071777,494.695587158,494.42401123,496.134246826,501.103149414,501.963500977,497.718200684,496.842346191,496.842346191
509.741333008,494.71194458,496.920562744,509.500793457,430.164733887,495.468902588,413.486755371,412.244232178,421.56427002,417.442810059,502.748901367,525.118652344,525.118652344,511.073822021,469.953033447,507.096588135,509.633605957,503.303375244,500.861328125,421.56427002,511.371368408,506.978546143,501.268676758,501.268676758,426.349609375,426.349609375,469.953033447,501.328063965,501.807067871,498.251342773,502.748901367,497.192810059,499.147979736,500.555725098,499.136962891,500.861328125,494.71194458
489.847167969,494.71194458,499.834716797,499.673980713,450.058898926,497.651794434,415.464782715,413.854492188,423.956939697,418.905700684,497.950561523,518.504699707,518.504699707,511.482299805,506.25668335,504.929138184,506.25668335,502.01739502,504.127075195,435.811584473,508.150268555,506.138671875,501.268676758,501.268676758,431.080596924,462.522186279,465.970947266,483.649505615,492.728271484,480.386779785,491.567840576,494.380310059,496.764160156,496.641998291,497.950561523,498.364685059,498.364685059
498.051940918,496.538330078,498.582427979,498.862976074,458.014923096,498.272216797,417.185241699,415.519866943,433.325805664,425.665710449,494.809875488,513.524169922,513.524169922,502.105285645,506.113311768,504.017364502,504.07635498,500.191040039,502.159057617,433.325805664,506.113311768,502.643005371,501.955841064,501.955841064,449.277709961,449.277709961,469.096160889,476.372833252,505.324432373,492.85559082,483.970336914,489.175323486,495.119750977,492.908660889,495.429626465,495.119750977,496.538330078
502.082641602,496.538330078,496.696166992,500.472808838,463.555541992,497.484191895,421.425476074,418.47265625,440.883239746,441.3671875,498.628509521,507.824951172,507.824951172,503.719970703,498.044616699,502.787658691,502.802398682,497.655395508,502.137268066,440.883239746,504.465209961,502.802398682,502.583190918,502.583190918,449.277709961,441.3671875,465.556030273,470.964416504,503.719970703,481.910003662,486.318634033,487.74697876,498.628509521,490.327819824,492.878723145,497.291473389,497.291473389
500.06362915,496.914916992,497.662353516,500.268218994,464.555786133,497.573272705,431.396331787,424.934509277,441.125213623,442.874694824,492.825775146,505.832519531,505.832519531,503.719970703,502.05557251,502.580871582,502.802398682,500.747741699,498.573364258,441.004211426,503.633789062,502.580871582,502.319396973,502.319396973,447.011413574,444.943054199,444.943054199,485.856079102,503.719970703,490.263244629,486.087341309,486.917175293,492.772827148,490.284759521,492.825775146,493.589080811,493.589080811
501.05960083,495.25201416,495.24407959,500.663909912,454.749420166,496.408691406,437.135498047,431.035003662,441.064697266,439.526855469,491.990875244,505.832519531,504.206695557,503.719970703,502.583618164,502.771331787,502.583618164,496.205322266,496.081237793,439.526855469,503.17779541,502.771331787,502.319396973,502.319396973,448.624816895,469.352783203,448.624816895,477.604431152,499.900604248,495.08190918,490.584625244,484.633666992,491.330230713,490.981750488,488.729736328,491.330230713,491.990875244
501.821594238,493.621459961,493.617492676,501.242736816,451.687133789,495.013092041,438.331176758,434.683105469,448.962341309,443.185119629,487.30090332,502.448272705,502.448272705,501.810302734,502.369476318,502.389160156,502.48638916,498.447570801,496.997375488,440.295776367,502.832092285,502.419555664,502.344421387,502.344421387,445.904968262,457.628875732,469.301940918,487.30090332,496.570251465,495.826080322,493.205352783,488.919494629,490.12487793,490.553314209,489.641540527,481.461700439,481.461700439
502.09552002,487.541564941,490.459197998,501.669128418,460.494537354,492.73614502,439.239379883,437.72064209,454.72845459,445.503143311,490.874786377,496.638061523,502.433898926,499.1902771,494.764099121,500.771362305,501.628875732,498.800598145,489.229553223,447.512115479,502.632995605,502.632995605,502.165527344,502.165527344,449.639526367,445.503143311,449.639526367,493.050750732,499.1902771,492.527832031,493.128051758,491.977935791,491.32635498,490.939819336,490.809753418,490.874786377,494.764099121
498.42980957,491.152832031,490.666992188,500.049468994,455.067016602,491.701568604,441.208618164,440.045959473,451.120300293,446.867919922,491.684326172,498.405151367,498.405151367,496.783325195,500.485595703,501.702178955,501.665527344,497.79196167,493.510742188,446.164459229,502.149261475,494.553100586,501.325561523,501.325561523,447.571350098,446.867919922,475.264587402,484.157653809,496.350524902,494.23260498,488.642852783,493.105285645,492.215820312,489.791320801,490.300537109,494.553100586,491.684326172
499.605651855,491.418579102,491.17565918,499.753601074,465.165802002,491.438598633,444.038269043,442.042114258,452.859191895,444.103271484,491.865509033,498.405151367,496.479125977,496.566925049,501.159729004,499.984069824,501.159729004,496.172546387,492.66897583,444.103271484,499.314208984,500.654815674,500.99017334,500.99017334,448.282714844,456.724243164,452.859191895,488.413330078,491.534454346,495.202575684,491.922729492,492.797698975,492.312438965,490.857025146,490.578796387,491.534454346,491.865509033
500.38269043,491.642028809,491.520568848,500.068145752,459.012512207,491.47958374,444.070770264,443.05645752,448.481231689,451.818603516,492.081237793,495.15057373,498.566955566,494.050689697,497.054504395,499.275512695,499.850463867,493.853515625,493.261230469,451.416717529,500.058288574,500.420318604,500.70526123,500.70526123,449.086547852,451.416717529,471.485107422,491.781951904,497.054504395,493.492248535,492.59197998,493.144958496,492.520477295,491.724487305,491.151641846,471.485107422,492.081237793
498.718597412,491.861633301,491.80090332,499.393371582,465.248809814,491.640258789,447.944702148,445.500579834,453.558319092,445.500579834,493.314208984,496.858764648,498.353973389,492.88092041,498.390167236,499.847900391,499.849182129,493.367218018,492.418518066,452.778808594,499.725830078,499.529602051,500.117431641,500.117431641,452.975769043,452.778808594,453.558319092,481.598114014,498.390167236,487.545166016,490.068572998,491.606750488,492.063598633,491.894042969,491.522827148,492.140075684,492.140075684
498.554382324,492.000854492,492.557556152,498.973876953,459.403564453,492.098907471,446.417144775,446.111633301,459.576171875,449.744659424,491.648803711,495.103820801,495.103820801,495.635559082,495.159667969,489.518310547,494.683746338,492.610412598,492.279296875,465.983764648,499.627716064,495.953491211,500.117431641,500.117431641,453.072174072,449.744659424,459.576171875,491.401000977,495.159667969,490.077789307,490.734802246,491.351593018,491.070678711,491.532409668,491.29675293,491.351593018,491.648803711
496.857025146,491.824829102,492.103179932,497.915466309,459.489868164,492.101043701,448.0809021,447.096252441,457.083404541,447.096252441,491.45526123,495.103820801,495.103820801,493.362487793,499.016448975,492.735900879,495.189300537,492.986450195,491.815429688,462.758392334,496.668762207,495.189300537,499.566955566,499.566955566,451.408416748,457.083404541,482.524414062,492.193725586,493.676696777,492.383056641,491.558929443,491.45526123,483.372436523,487.452423096,489.374572754,487.174621582,487.174621582
497.936737061,489.499725342,491.77923584,497.926086426,471.007141113,491.940124512,447.465484619,447.342407227,459.920898438,447.465484619,488.468688965,493.42666626,495.157226562,493.519592285,493.077301025,488.601257324,495.167907715,493.206542969,490.563293457,458.50213623,492.635009766,497.362091064,498.464538574,498.464538574,467.9375,458.50213623,467.9375,492.352355957,493.077301025,489.778839111,492.050933838,491.753112793,487.562774658,488.615631104,488.468688965,490.563293457,489.499725342
495.507019043,489.499725342,490.123962402,496.716552734,469.472320557,491.032043457,447.465484619,447.403930664,456.259643555,455.904937744,492.631164551,493.811889648,494.677154541,493.298461914,495.343200684,493.09588623,494.922546387,493.509216309,490.563293457,456.259643555,493.778778076,492.171020508,496.903869629,496.903869629,468.70489502,455.904937744,480.437957764,486.395141602,493.298461914,488.086975098,490.068969727,492.631164551,488.704040527,488.715759277,488.592224121,488.704040527,489.499725342
495.425109863,489.499725342,491.377563477,496.070831299,474.95513916,491.204803467,451.685211182,449.544555664,456.259643555,457.579833984,490.647949219,493.280151367,493.280151367,492.590820312,491.881317139,492.633453369,494.065063477,493.050018311,491.806640625,459.254760742,494.351409912,494.351409912,496.903869629,496.903869629,465.477355957,461.528594971,461.528594971,488.17477417,492.55255127,488.130859375,489.099914551,492.59185791,490.647949219,488.907836914,488.750030518,489.12487793,491.881317139
493.653198242,490.69052124,491.012756348,494.861999512,468.241882324,491.108764648,453.360534668,452.088531494,457.757202148,455.558868408,489.686065674,493.280151367,493.520202637,492.675109863,495.395233154,493.224609375,493.421813965,493.017700195,490.465759277,455.558868408,493.88659668,493.520202637,496.149536133,496.149536133,463.502990723,465.872436523,477.887054443,490.596252441,492.675109863,489.298309326,489.19909668,490.895477295,490.62210083,489.901672363,489.686065674,477.887054443,490.69052124
494.524230957,490.69052124,490.34942627,494.693115234,473.064453125,490.729095459,454.459716797,453.274108887,465.410827637,454.416503906,490.387329102,492.745788574,492.745788574,492.675109863,485.796051025,493.372406006,493.377044678,493.174987793,491.820373535,454.416503906,493.629516602,494.889526367,495.51953125,495.51953125,465.164672852,465.164672852,478.916992188,484.274841309,485.796051025,490.559326172,489.879211426,489.783935547,487.448486328,488.675079346,489.18057251,489.783935547,490.69052124
490.16015625,490.69052124,490.368377686,492.426635742,475.990722656,490.548736572,454.147094727,453.856109619,459.913665771,459.655883789,489.063476562,492.196533203,492.196533203,489.235595703,485.076721191,494.130981445,493.75402832,492.411132812,491.46282959,467.952209473,492.367401123,490.793640137,495.51953125,495.51953125,466.558441162,459.655883789,479.462921143,488.342987061,490.92199707,490.740661621,490.309936523,489.063476562,488.879211426,488.777160645,488.978881836,490.793640137,485.076721191
487.618438721,487.883605957,489.715942383,490.022521973,477.726806641,490.132324219,456.901489258,455.37878418,460.927459717,457.581787109,489.901580811,490.876068115,491.49508667,490.078796387,492.963806152,492.813049316,493.054504395,491.409606934,491.169433594,472.839508057,492.825469971,493.054504395,494.241668701,494.241668701,462.070129395,460.927459717,485.678192139,485.233764648,487.656280518,489.198486328,490.739685059,489.901580811,489.038848877,488.90802002,489.231811523,486.780883789,486.780883789
490.291137695,487.332244873,489.808776855,490.156829834,481.702514648,489.970550537,457.241638184,456.310211182,466.883483887,464.228393555,489.680664062,491.185577393,492.120056152,488.867553711,492.215576172,492.466552734,491.605651855,489.892669678,490.531066895,466.288574219,492.215576172,492.466552734,494.241668701,494.241668701,466.859924316,466.288574219,464.228393555,487.882415771,488.621643066,488.540466309,489.680664062,489.221008301,489.129943848,489.07220459,489.125396729,488.202209473,488.202209473
491.253356934,487.767211914,489.744720459,490.705078125,472.965454102,489.857635498,460.735015869,458.522613525,469.489105225,465.744018555,489.098327637,488.411865234,488.411865234,486.785644531,491.511108398,485.345550537,492.036102295,489.047424316,489.789245605,466.437316895,488.780578613,489.410888672,492.876403809,492.876403809,475.382720947,469.489105225,475.382720947,488.83581543,488.728729248,488.97567749,489.204711914,489.098327637,489.167327881,489.119750977,489.122558594,488.444885254,488.444885254
491.382232666,488.106048584,489.530548096,491.043640137,474.174072266,489.639587402,463.239501953,460.88104248,467.963195801,465.185058594,489.044372559,488.411865234,488.911376953,488.578796387,480.98336792,487.37298584,489.704528809,488.746154785,489.659912109,466.574127197,488.845977783,489.186645508,492.083435059,492.083435059,474.778381348,470.676269531,480.98336792,489.044372559,488.578796387,488.860900879,489.032806396,489.065551758,489.116455078,489.118103027,489.120330811,488.646362305,488.646362305
486.182800293,488.376220703,489.375488281,488.613220215,477.578735352,489.463531494,464.212280273,462.546661377,469.319732666,469.362609863,489.063598633,488.661621094,488.924133301,488.777954102,488.689331055,488.14855957,488.653717041,488.696258545,489.178100586,467.946929932,488.828063965,488.828063965,492.083435059,492.083435059,476.17855835,467.946929932,469.362609863,489.055938721,488.777954102,489.019500732,489.026153564,489.045837402,489.063598633,489.081970215,489.101135254,489.055938721,488.689331055
487.436065674,488.532775879,489.219543457,488.024658203,473.470672607,489.341552734,465.727233887,464.667053223,468.633331299,465.727233887,488.798461914,488.792877197,488.81048584,488.91885376,485.379943848,488.479522705,488.514038086,488.877990723,489.028045654,468.633331299,488.618713379,488.514038086,491.147369385,491.147369385,472.062744141,472.062744141,481.841003418,489.055938721,485.379943848,489.037719727,489.027099609,489.05456543,489.05267334,489.067321777,489.064117432,489.05456543,488.798461914
486.40802002,488.665618896,489.009002686,487.216339111,477.655822754,489.175292969,465.727233887,465.197143555,468.633331299,470.887268066,489.06161499,488.801696777,488.801696777,487.149414062,488.291564941,488.501098633,488.505401611,488.996459961,489.041320801,470.348022461,487.917541504,489.82421875,490.485778809,490.485778809,471.744628906,471.315948486,471.315948486,489.026184082,488.095367432,488.782318115,488.796813965,489.070556641,489.06161499,488.932067871,488.99810791,488.782318115,488.291564941
487.34979248,488.47857666,489.035308838,487.283081055,474.485900879,489.105285645,467.529724121,466.752197266,469.490661621,468.510192871,489.037780762,488.926269531,489.312957764,487.622375488,487.538848877,484.692810059,487.607177734,488.916595459,488.983795166,468.510192871,488.615234375,487.607177734,490.485778809,490.485778809,471.530273438,476.207397461,482.562011719,489.005004883,487.622375488,487.22064209,487.23449707,489.037780762,488.148071289,488.54006958,488.769104004,487.22064209,487.538848877
487.444335938,488.008728027,489.036560059,487.363708496,478.523956299,489.070922852,468.019958496,467.386077881,469.000427246,471.79675293,488.518981934,488.926208496,488.926208496,487.622375488,487.918457031,486.149993896,486.878601074,488.068603516,488.761657715,469.000427246,488.150726318,488.682189941,489.583984375,489.583984375,475.09375,471.663513184,475.09375,488.883331299,488.252868652,487.736755371,487.944732666,488.491271973,488.108337402,488.32421875,488.546661377,488.518981934,487.918457031
487.681396484,487.963592529,488.777770996,487.52255249,476.808837891,488.924346924,469.908355713,468.647216797,470.331970215,469.489593506,488.378112793,488.926208496,488.322814941,488.069366455,484.213745117,487.351623535,487.841400146,488.068969727,488.640319824,472.904632568,487.751159668,488.438049316,489.011016846,489.011016846,472.291687012,472.598144531,480.1746521,488.76184082,486.293487549,487.902862549,488.353271484,488.422271729,488.209594727,488.37322998,488.378112793,487.128540039,487.128540039
485.947570801,487.546081543,488.577941895,486.735046387,478.491760254,488.751159668,469.698974609,469.173095703,473.65826416,475.528137207,488.525695801,488.624511719,488.531280518,488.317016602,486.911224365,487.941467285,487.891418457,487.598754883,488.478668213,473.65826416,485.699432373,485.699432373,487.635131836,487.635131836,472.444915771,472.444915771,475.528137207,488.620239258,486.276367188,487.750793457,488.486755371,488.086547852,488.148071289,488.260650635,488.525695801,488.260650635,486.911224365
486.429382324,487.228637695,488.551818848,486.582214355,477.00994873,488.651489258,472.613555908,470.893310547,474.496185303,473.113708496,487.112548828,488.577880859,487.138671875,487.296691895,487.121795654,487.525085449,487.708251953,488.227172852,488.323486328,474.496185303,486.703857422,486.921264648,487.325042725,487.325042725,472.779296875,480.384216309,472.779296875,488.440429688,487.868560791,484.067504883,488.17767334,486.077026367,487.112548828,488.219177246,488.372436523,488.227172852,487.121795654
486.77557373,487.175231934,487.832183838,486.678894043,474.894622803,488.241821289,472.863647461,471.878479004,474.496185303,474.575378418,488.13293457,487.790588379,487.790588379,487.582641602,487.226074219,487.117675781,487.314758301,488.334838867,488.27532959,475.722564697,487.009307861,487.117675781,487.325042725,487.325042725,473.836975098,475.722564697,474.575378418,488.357879639,487.958740234,486.21270752,487.19519043,486.636108398,487.210540771,487.54675293,488.13293457,487.068786621,487.068786621
487.000823975,487.122009277,487.982543945,486.83984375,474.734985352,488.112182617,473.719512939,472.79901123,475.109375,474.260925293,487.781860352,487.790588379,487.790588379,487.888183594,485.530212402,487.117675781,484.051086426,488.11151123,487.624145508,474.685089111,485.530212402,487.209136963,487.267089844,487.267089844,477.524230957,474.260925293,477.524230957,488.255249023,488.106994629,486.652954102,487.651092529,486.64453125,487.43081665,487.09564209,487.781860352,487.624145508,487.122009277
486.26550293,487.122009277,487.882202148,486.55267334,476.129608154,487.997192383,473.990234375,473.394622803,474.685119629,474.039886475,487.523925781,487.674194336,487.010498047,487.997589111,482.696105957,487.163391113,482.696105957,487.450042725,487.74597168,474.685119629,486.346801758,487.010498047,487.267089844,487.267089844,479.432678223,476.73626709,482.241119385,485.248168945,487.997589111,486.286621094,486.96887207,487.101196289,487.265991211,487.03225708,487.523925781,487.450042725,487.122009277
484.480804443,487.178253174,487.703063965,485.516723633,479.18536377,487.850128174,474.015075684,473.704833984,475.209228516,474.707763672,486.86114502,487.342346191,487.176422119,487.997589111,485.608734131,485.634887695,484.870666504,487.429748535,487.598022461,476.935241699,485.608734131,487.221740723,487.244415283,487.244415283,478.183959961,475.209228516,478.183959961,486.33895874,487.997589111,486.312805176,486.86114502,487.349609375,487.307800293,487.170043945,487.346984863,487.23449707,487.178253174
485.044769287,487.178253174,487.282104492,485.280761719,478.684661865,487.566101074,474.361419678,474.03314209,476.941101074,474.621185303,486.510253906,487.259399414,487.240570068,487.997589111,485.815460205,485.932189941,485.913024902,487.301025391,487.275268555,476.944030762,486.4246521,485.913024902,487.244415283,487.244415283,476.402587891,481.838928223,476.944030762,487.142333984,487.569946289,484.075866699,487.215545654,485.712738037,486.510253906,487.192810059,487.269897461,487.301025391,485.815460205
485.430114746,486.496856689,486.896179199,485.355438232,477.814331055,487.231140137,474.49130249,474.262207031,477.377716064,475.603118896,486.882415771,487.25,486.581512451,487.614379883,485.183288574,486.256835938,486.08493042,487.301025391,487.444824219,479.164672852,486.175415039,486.664672852,486.954528809,486.954528809,476.446502686,479.164672852,481.310974121,487.293579102,484.440460205,485.688446045,487.254577637,485.700592041,486.870361328,486.446716309,486.858306885,486.870361328,485.183288574
485.30670166,485.840087891,486.889282227,485.331054688,479.562652588,487.060211182,475.047210693,474.654724121,478.470184326,476.909698486,486.518798828,486.915771484,486.790222168,486.027404785,486.505981445,485.793945312,485.939453125,487.180603027,487.312713623,477.863586426,486.057434082,486.790222168,486.730255127,486.730255127,477.631958008,477.863586426,482.251159668,484.772369385,486.670043945,486.179260254,486.01348877,486.131134033,486.363708496,486.405212402,486.518798828,486.131134033,485.840087891
485.906341553,485.784729004,486.79309082,485.618713379,480.906921387,486.882141113,475.647521973,475.316589355,479.688537598,477.251647949,486.21572876,486.852996826,486.852996826,486.348724365,486.343383789,486.29208374,485.834411621,486.655883789,487.05291748,478.222045898,485.945922852,486.29208374,486.534179688,486.534179688,477.747772217,477.251647949,482.279449463,485.912658691,486.343383789,486.417572021,486.215515137,486.173339844,486.26852417,486.336853027,486.21572876,482.279449463,485.784729004
486.12487793,485.784729004,486.504394531,485.871795654,481.593200684,486.693267822,476.166320801,475.883087158,480.640869141,477.19418335,486.081726074,486.753356934,486.753356934,486.501220703,486.360595703,486.069519043,485.958190918,484.467651367,486.777069092,478.917541504,485.952056885,486.069519043,486.447387695,486.447387695,477.499694824,477.499694824,478.917541504,485.190155029,486.560241699,486.488891602,485.822265625,485.997802734,486.378723145,486.179443359,486.19152832,486.179443359,486.081726074
486.242736816,485.933227539,486.293060303,486.057250977,480.255371094,486.493164062,476.480957031,476.281677246,479.779205322,476.480957031,486.202880859,486.694244385,486.411437988,486.597717285,486.023010254,486.093933105,486.184814453,485.292999268,486.616424561,479.779205322,486.103912354,486.275634766,486.36151123,486.36151123,478.877532959,478.188598633,481.740783691,485.903289795,486.231750488,484.114837646,486.027008057,485.056335449,486.05380249,485.617889404,485.904724121,486.05380249,485.933227539
486.132873535,485.933227539,486.24798584,486.095062256,480.998077393,486.370574951,476.480957031,476.381317139,478.983886719,480.378753662,485.486022949,484.68572998,486.343536377,485.936737061,482.718322754,486.21875,486.177307129,485.467346191,486.041870117,479.53918457,486.152832031,486.177307129,486.294891357,486.294891357,479.208374023,480.378753662,482.718322754,485.978546143,485.936737061,485.078369141,485.91293335,485.067352295,486.028289795,485.8230896,485.486022949,485.923095703,485.923095703
484.425598145,485.928161621,485.867004395,485.260314941,481.858215332,486.118774414,478.429870605,477.405578613,480.421051025,478.971191406,485.802886963,485.514648438,485.514648438,486.027770996,485.946166992,485.739532471,486.177307129,485.695220947,485.868530273,479.980102539,486.061737061,486.178314209,486.236602783,486.236602783,479.050262451,478.971191406,479.980102539,486.003173828,485.902648926,485.540771484,485.907775879,485.487548828,485.784545898,485.655334473,485.570678711,485.677612305,485.802886963
485.185882568,485.865539551,485.834960938,485.223083496,480.919158936,485.976867676,478.700531006,478.053039551,479.356323242,479.016571045,485.65435791,485.718688965,485.846496582,485.87322998,485.700195312,485.793029785,485.700195312,485.784240723,485.85345459,479.356323242,485.927368164,486.081970215,486.159301758,486.159301758,479.373168945,479.373168945,483.298400879,485.928314209,484.600524902,485.615936279,485.821166992,485.65435791,485.1925354,485.423950195,485.497314453,485.615936279,485.865539551
485.443054199,485.865539551,485.744659424,485.333068848,482.108764648,485.860778809,478.858551025,478.455810547,479.364746094,478.455810547,485.588104248,485.734588623,485.734588623,485.236877441,485.913696289,485.711608887,485.893920898,485.703460693,485.734680176,480.732543945,485.668060303,485.893920898,486.036499023,486.036499023,479.373168945,479.364746094,483.233612061,484.580963135,485.236877441,485.098449707,485.45980835,485.568725586,485.493225098,485.458587646,485.588104248,485.717132568,485.717132568
485.678375244,485.791320801,485.666381836,485.505737305,482.671203613,485.763580322,478.657165527,478.556488037,481.017974854,479.64453125,485.571594238,485.734588623,485.81427002,485.488616943,485.639129639,485.762939453,485.828430176,485.482666016,485.665344238,479.64453125,485.645568848,485.886749268,485.961608887,485.961608887,479.36895752,479.36895752,481.017974854,485.101989746,485.486938477,485.100219727,485.280029297,485.617034912,485.555114746,485.36932373,485.571594238,485.482666016,485.639129639
485.658752441,485.709228516,485.618988037,485.582244873,481.844604492,485.69128418,479.150848389,478.853668213,480.284301758,479.480712891,485.336120605,485.766601562,485.766601562,485.487792969,485.584106445,485.824829102,485.680450439,485.600799561,485.633056641,479.961853027,485.735198975,485.822875977,485.892242432,485.892242432,480.606781006,479.480712891,482.895111084,485.317230225,485.584106445,485.392181396,485.336120605,485.467132568,485.511108398,485.440216064,485.50592041,482.895111084,485.709228516
485.621429443,485.709228516,485.477539062,485.601837158,482.369873047,485.584411621,479.315795898,479.084716797,479.922180176,480.485961914,485.496948242,485.766601562,485.79473877,485.535949707,485.605224609,485.809783936,485.674499512,485.574279785,485.603668213,479.922180176,485.739135742,485.781799316,485.837036133,485.837036133,481.488342285,479.483612061,480.485961914,485.49432373,485.605224609,484.14364624,484.739868164,485.480712891,485.143798828,485.291992188,485.49331665,485.500610352,485.496948242
485.613342285,485.603088379,485.487243652,485.60760498,481.42791748,485.535827637,479.900878906,479.492797852,479.922180176,480.287231445,485.323822021,485.780670166,485.780670166,485.525512695,485.764312744,485.745239258,485.691589355,485.537445068,485.570556641,480.079345703,485.7421875,485.633850098,485.80065918,485.80065918,481.081695557,480.079345703,480.287231445,485.574462891,485.58984375,484.857116699,485.197662354,485.168914795,485.154327393,485.23046875,485.323822021,485.400390625,485.400390625
485.688842773,485.501739502,485.405517578,485.648223877,480.663024902,485.470672607,480.094055176,479.793426514,480.000762939,480.193237305,485.35333252,485.626464844,485.626464844,485.498901367,485.610473633,485.696716309,485.694152832,485.518188477,485.485473633,480.468444824,485.688018799,485.74432373,485.75994873,485.75994873,480.489379883,480.193237305,480.663024902,485.38092041,485.568084717,485.324676514,485.382873535,485.246795654,485.200561523,485.215515137,485.35333252,485.38092041,485.610473633
485.649658203,485.556091309,485.379425049,485.648925781,480.663024902,485.425048828,480.14364624,479.968536377,480.16809082,480.1015625,485.422302246,485.626464844,485.685394287,485.450927734,484.369781494,485.649597168,485.671875,485.449554443,485.468200684,480.16809082,485.682678223,485.682678223,485.75994873,485.75994873,480.341308594,482.904754639,483.171478271,484.153869629,484.369781494,485.010559082,485.061065674,485.348175049,485.13079834,485.281860352,485.24206543,485.010559082,485.422302246
485.00970459,485.489196777,485.400878906,485.329315186,481.917236328,485.412963867,480.084106445,480.045593262,481.536437988,480.388061523,485.069152832,485.655944824,485.655944824,485.171142578,485.460449219,485.666137695,485.669006348,485.230041504,485.179779053,481.042663574,485.466461182,485.669006348,485.686584473,485.686584473,480.691986084,481.536437988,480.388061523,484.666809082,485.431732178,485.120300293,485.090698242,485.007507324,485.069152832,485.20022583,485.214172363,485.20022583,485.460449219
485.235076904,485.474822998,485.235015869,485.282196045,481.037475586,485.323974609,480.236083984,480.140838623,481.289550781,480.920532227,485.260375977,485.527679443,485.662475586,485.34942627,485.518310547,485.570861816,485.523223877,485.215148926,485.19744873,481.125823975,485.564453125,485.280517578,485.645751953,485.645751953,480.922302246,480.920532227,481.037475586,485.008117676,485.518310547,485.250610352,485.049407959,485.028442383,485.159881592,485.180053711,485.121307373,485.280517578,485.260375977
485.353088379,485.367614746,485.247680664,485.329467773,481.037475586,485.285827637,480.578308105,480.359558105,481.163513184,480.742675781,485.210113525,485.563659668,485.563659668,485.407165527,485.42010498,485.425689697,485.438171387,485.311157227,485.238983154,480.94519043,485.495056152,485.495056152,485.645751953,485.645751953,480.921417236,480.937255859,480.94519043,485.123535156,485.42010498,485.187072754,485.180297852,485.107757568,485.17010498,485.143920898,485.132629395,485.25012207,485.210113525
485.372314453,485.288879395,485.228881836,485.358032227,480.991333008,485.257354736,480.660491943,480.510009766,481.011291504,480.723632812,485.188110352,485.47744751,485.47744751,485.399200439,485.546386719,485.398986816,485.46661377,485.355163574,485.244567871,481.011291504,485.447021484,485.410888672,485.596069336,485.596069336,480.999420166,480.86151123,483.053039551,484.088287354,485.415496826,484.637695312,485.317138672,484.872741699,485.125976562,485.008331299,485.188110352,485.207427979,485.207427979
485.459350586,485.248168945,485.208496094,485.408691406,482.022186279,485.232910156,480.692077637,480.601043701,481.516723633,480.731262207,484.935241699,485.47744751,485.399658203,485.388000488,484.234008789,485.403839111,485.435241699,485.357849121,485.168151855,481.264007568,485.441131592,485.420410156,485.552154541,485.552154541,481.131713867,480.931488037,483.219848633,484.657165527,485.388000488,484.997772217,484.9871521,484.935241699,485.05657959,485.032470703,485.110290527,485.168151855,484.234008789
484.846679688,484.741088867,485.071868896,485.127685547,482.621032715,485.152404785,480.711669922,480.65637207,482.068878174,480.960205078,484.144561768,485.35925293,485.35925293,485.388000488,484.493133545,485.412109375,485.423675537,485.263000488,485.211639404,480.945861816,485.432403564,485.432403564,485.552154541,485.552154541,481.038787842,483.178833008,483.598266602,484.934387207,484.493133545,484.992706299,484.976623535,484.955932617,485.006256104,485.019348145,484.144561768,484.866882324,484.866882324
484.669921875,484.803985596,484.608215332,484.898803711,483.109649658,484.880310059,480.8359375,480.746154785,481.507385254,481.962493896,484.598937988,485.2578125,485.2578125,485.322906494,484.878356934,485.334960938,485.24810791,485.064941406,485.089752197,481.734924316,485.296813965,485.272460938,485.48223877,485.48223877,482.07421875,481.734924316,483.569580078,484.251983643,484.952697754,485.130004883,485.053314209,484.603942871,484.805114746,484.912231445,484.598937988,485.089752197,484.878356934
484.774139404,484.841186523,484.60357666,484.836486816,483.339599609,484.741943359,481.235961914,481.072692871,482.164031982,481.235961914,484.765258789,485.2578125,485.273071289,485.137817383,485.166931152,485.085723877,485.166931152,484.919250488,485.089752197,482.079223633,485.280975342,485.273071289,485.48223877,485.48223877,481.991882324,482.164031982,481.991882324,484.585632324,485.137817383,484.889892578,484.955566406,484.779754639,484.931640625,484.921936035,484.689331055,484.889892578,484.765258789
484.97052002,484.803222656,484.684417725,484.903503418,482.665740967,484.713195801,481.235961914,481.154327393,482.052581787,481.616760254,484.773254395,485.00213623,485.273071289,485.137817383,484.704223633,484.969543457,485.068237305,484.904571533,485.045959473,481.890380859,485.277038574,485.172637939,485.48223877,485.48223877,481.941131592,482.052581787,483.919189453,484.745117188,484.528503418,484.967926025,484.850341797,484.857177734,484.890991211,484.906463623,484.773254395,484.87991333,484.704223633
484.837371826,484.753723145,484.728820801,484.870422363,483.292480469,484.721008301,481.426361084,481.290344238,481.971496582,482.291412354,484.879302979,485.067321777,485.067321777,484.764099121,484.224334717,485.020202637,485.120422363,484.952148438,484.96295166,481.984191895,485.098510742,485.020202637,485.48223877,485.48223877,481.996856689,481.984191895,483.694946289,484.848632812,484.764099121,484.90826416,484.879302979,484.874206543,484.900512695,484.903503418,484.838378906,484.874206543,484.224334717
484.530853271,484.489013672,484.783325195,484.700622559,483.493713379,484.762542725,481.71673584,481.574615479,481.977844238,481.71673584,484.866577148,485.067321777,485.067321777,484.764099121,484.781555176,485.05581665,485.088134766,484.867736816,484.915344238,481.981018066,485.093322754,485.056762695,485.278167725,485.278167725,482.36315918,482.554229736,482.554229736,484.861419678,484.812744141,484.86050415,484.869903564,484.894775391,484.885192871,484.894348145,484.866577148,484.894348145,484.781555176
484.656188965,484.635284424,484.824951172,484.678405762,483.023986816,484.793762207,481.71673584,481.645690918,481.979431152,481.645690918,484.570617676,484.996276855,484.996276855,484.788421631,484.625976562,485.026062012,484.949279785,484.88104248,484.898193359,482.266845703,484.982910156,485.113708496,485.195922852,485.195922852,482.693572998,483.631561279,483.838256836,484.246490479,484.313354492,484.879333496,484.874633789,484.570617676,484.87991333,484.887145996,484.876861572,484.595092773,484.625976562
484.641082764,484.630615234,484.697784424,484.659729004,483.431121826,484.745788574,481.681213379,481.663452148,482.805480957,482.385314941,484.676940918,484.904571533,485.036987305,484.846496582,484.163024902,484.976928711,484.963104248,484.738067627,484.859802246,481.965148926,485.018951416,484.982421875,485.089172363,485.089172363,483.062347412,482.385314941,484.01272583,484.492279053,484.163024902,484.875854492,484.68347168,484.723236084,484.748168945,484.817657471,484.847259521,484.859802246,484.676940918
484.402038574,484.653778076,484.68737793,484.530883789,483.721923828,484.716583252,482.03326416,481.848358154,482.712127686,482.375152588,484.750854492,484.754516602,485.00970459,484.504760742,484.776672363,484.836120605,484.956970215,484.746276855,484.777587891,482.375152588,485.014343262,484.956970215,485.089172363,485.089172363,482.828857422,482.712127686,483.78137207,484.192901611,484.625518799,484.534362793,484.65447998,484.690917969,484.688476562,484.753051758,484.750854492,484.690917969,484.776672363
484.589355469,484.715209961,484.719116211,484.560119629,483.751647949,484.717834473,482.204223633,482.026306152,482.712127686,482.456420898,484.676330566,484.872924805,484.872924805,484.606658936,484.962463379,484.714477539,484.835723877,484.718597412,484.74810791,482.200744629,484.985656738,484.866882324,485.025817871,485.025817871,483.290252686,482.873352051,482.873352051,484.529907227,484.606658936,484.53213501,484.637481689,484.66418457,484.676330566,484.642578125,484.696716309,484.705963135,484.705963135
484.721984863,484.710571289,484.697723389,484.668029785,483.3125,484.707763672,482.330322266,482.178314209,482.792724609,482.18951416,484.571533203,484.872924805,484.872924805,484.606658936,484.744720459,484.790679932,484.778869629,484.712280273,484.730194092,482.491119385,484.888183594,484.957000732,484.991394043,484.991394043,483.098815918,482.896240234,483.098815918,484.610961914,484.668426514,484.571533203,484.665405273,484.658569336,484.675292969,484.658935547,484.677825928,484.665405273,484.744720459
484.733337402,484.727661133,484.634643555,484.700683594,483.205657959,484.671203613,482.259918213,482.219116211,482.641906738,482.219116211,484.674255371,484.779418945,484.914978027,484.637542725,484.795593262,484.795593262,484.789672852,484.688842773,484.754821777,482.641906738,484.838928223,484.796875,484.991394043,484.991394043,483.088226318,483.024230957,483.088226318,484.703918457,484.670715332,484.630187988,484.654693604,484.653198242,484.664245605,484.661590576,484.674255371,484.654693604,484.727661133
484.748535156,484.727661133,484.658630371,484.732574463,483.146942139,484.662841797,482.239501953,482.229309082,482.89440918,482.69744873,484.695281982,484.847198486,484.847198486,484.65411377,484.804016113,484.796234131,484.769104004,484.67175293,484.706726074,482.812805176,484.804016113,484.796234131,484.991394043,484.991394043,482.85748291,482.812805176,482.69744873,484.687835693,484.670959473,484.668457031,484.661560059,484.665039062,484.662902832,484.661834717,484.668029785,484.665039062,484.695281982
484.776275635,484.711486816,484.676940918,484.754425049,482.922180176,484.669891357,482.468475342,482.348876953,482.853607178,482.735351562,484.700714111,484.847198486,484.821716309,484.662536621,484.702819824,484.808959961,484.738800049,484.667938232,484.688781738,482.717224121,484.77142334,484.870117188,484.930755615,484.930755615,482.889831543,482.717224121,482.735351562,484.718353271,484.739959717,484.668212891,484.689941406,484.666625977,484.664764404,484.663299561,484.665649414,484.702819824,484.700714111
484.739562988,484.706115723,484.684112549,484.747009277,482.844055176,484.679382324,482.538665771,482.475402832,482.785400391,482.644989014,484.690155029,484.834472656,484.852294922,484.70123291,484.737457275,484.775939941,484.797607422,484.676025391,484.695800781,482.751312256,484.773681641,484.746704102,484.930755615,484.930755615,482.859313965,482.644989014,482.844055176,484.69720459,484.737457275,484.68270874,484.718322754,484.692474365,484.674804688,484.670959473,484.674194336,484.674804688,484.690155029
484.738525391,484.698120117,484.687133789,484.742767334,482.844055176,484.683258057,482.562744141,482.533630371,482.768371582,482.74319458,484.68270874,484.804504395,484.804504395,484.729003906,484.794403076,484.761322021,484.76574707,484.675415039,484.712402344,482.706665039,484.771942139,484.76574707,484.891052246,484.891052246,482.85168457,482.63470459,482.74319458,484.686309814,484.794403076,484.684509277,484.715362549,484.703918457,484.681762695,484.676361084,484.689056396,484.68270874,484.698120117
484.766479492,484.698120117,484.684936523,484.754638672,482.793640137,484.684082031,482.62310791,482.593292236,482.737518311,482.680297852,484.725952148,484.744842529,484.785125732,484.76171875,484.764953613,484.77154541,484.76864624,484.710144043,484.711273193,482.680297852,484.764953613,484.829833984,484.860443115,484.860443115,482.74319458,482.768432617,482.768432617,484.683959961,484.73651123,484.684936523,484.725952148,484.694091797,484.687927246,484.682128906,484.68560791,484.684936523,484.698120117
484.765716553,484.698120117,484.705444336,484.760192871,482.75177002,484.694763184,482.651702881,482.622497559,482.738677979,482.705352783,484.728424072,484.752868652,484.752868652,484.74911499,484.761413574,484.747070312,484.757873535,484.716369629,484.715942383,482.705352783,484.761413574,484.772888184,484.860443115,484.860443115,482.722473145,482.738677979,482.75177002,484.728424072,484.74911499,484.693969727,484.713317871,484.703704834,484.695800781,484.688964844,484.687286377,484.69519043,484.69519043
484.763549805,484.696655273,484.716918945,484.761871338,482.75177002,484.705841064,482.664520264,482.650512695,482.722015381,482.693267822,484.695251465,484.741119385,484.741119385,484.739257812,484.754882812,484.759979248,484.75994873,484.727813721,484.721862793,482.7265625,484.760650635,484.810180664,484.835327148,484.835327148,482.737121582,482.7159729,482.7265625,484.711791992,484.754882812,484.702880859,484.717590332,484.710632324,484.699584961,484.695922852,484.695251465,484.698120117,484.698120117
484.759216309,484.697387695,484.706085205,484.760559082,482.73916626,484.705963135,482.678894043,482.664703369,482.724304199,482.707336426,484.7003479,484.724731445,484.775634766,484.731994629,484.74810791,484.764038086,484.764038086,484.729919434,484.725891113,482.722747803,484.762329102,484.731079102,484.817077637,484.817077637,482.714233398,482.714233398,482.722747803,484.719146729,484.742980957,484.710876465,484.714233398,484.711273193,484.705444336,484.719451904,484.7003479,484.719146729,484.74810791
484.753662109,484.722747803,484.703216553,484.757110596,482.723022461,484.704589844,482.693115234,482.678894043,482.719268799,482.700805664,484.705718994,484.747802734,484.747802734,484.725982666,484.760559082,484.760559082,484.747558594,484.72454834,484.719909668,482.715881348,484.754943848,484.777252197,484.797180176,484.797180176,482.715057373,482.719268799,483.721191406,484.722564697,484.740203857,484.71673584,484.727233887,484.719238281,484.711090088,484.719360352,484.705718994,484.221984863,484.221984863
484.757110596,484.472351074,484.704467773,484.757110596,483.222106934,484.704528809,482.696960449,482.687927246,482.873718262,482.701904297,484.714294434,484.747802734,484.762512207,484.733093262,484.753692627,484.760192871,484.753692627,484.473266602,484.596588135,482.836303711,484.757568359,484.734741211,484.797180176,484.797180176,482.717163086,482.776733398,482.873718262,484.659576416,484.733093262,484.688171387,484.707702637,484.712158203,484.722900391,484.714569092,484.714294434,484.712158203,484.472351074
484.755828857,484.472351074,484.709381104,484.756256104,483.047912598,484.706970215,482.699432373,482.693664551,482.855010986,482.760345459,484.650787354,484.715637207,484.715637207,484.717010498,484.755828857,484.747467041,484.750579834,484.592712402,484.594665527,482.775543213,484.754089355,484.775634766,484.786407471,484.786407471,482.746337891,482.760345459,484.209594727,484.680236816,484.717010498,484.254730225,484.481201172,484.69619751,484.709533691,484.597900391,484.711914062,484.209594727,484.650787354
484.755828857,484.561584473,484.680084229,484.75604248,483.628753662,484.69354248,482.729888916,482.711791992,482.8152771,482.992797852,484.621459961,484.720367432,484.720367432,484.721069336,484.654937744,484.745025635,484.746887207,484.401153564,484.497924805,482.992797852,484.752929688,484.745025635,484.778015137,484.778015137,482.958312988,482.859313965,482.859313965,484.589080811,484.743347168,484.487915039,484.53515625,484.592041016,484.650787354,484.56652832,484.681335449,484.654937744,484.621459961
484.705383301,484.591522217,484.650756836,484.730712891,483.244018555,484.672149658,482.861328125,482.786560059,482.904052734,482.822937012,484.579101562,484.708312988,484.708312988,484.732208252,484.668457031,484.737854004,484.74597168,484.528045654,484.613098145,483.074035645,484.745666504,484.745666504,484.778015137,484.778015137,483.016174316,482.919555664,482.919555664,484.558563232,484.732208252,484.523254395,484.566131592,484.579101562,484.587036133,484.576782227,484.629058838,484.613098145,484.668457031
484.686920166,484.630004883,484.614929199,484.70880127,483.155487061,484.643554688,482.842132568,482.814331055,482.954284668,482.814331055,484.605834961,484.685058594,484.685058594,484.697021484,484.637451172,484.741760254,484.320617676,484.570556641,484.655059814,483.442169189,484.53314209,484.637451172,484.778015137,484.778015137,483.229187012,482.954284668,483.155487061,484.606811523,484.669494629,484.596374512,484.568359375,484.573730469,484.605834961,484.575256348,484.602172852,484.616088867,484.616088867
484.66217041,484.623046875,484.61038208,484.68548584,483.155487061,484.626953125,482.82824707,482.821289062,483.198242188,482.887786865,484.607757568,484.685058594,484.661254883,484.683258057,484.665405273,484.655395508,484.517120361,484.592559814,484.623809814,483.198242188,484.597198486,484.655395508,484.712799072,484.712799072,483.040039062,483.040039062,483.904205322,484.255493164,484.665405273,484.425933838,484.596069336,484.499816895,484.600952148,484.537536621,484.572631836,484.597839355,484.597839355
484.663787842,484.610443115,484.609069824,484.674621582,483.529846191,484.618011475,482.858032227,482.839660645,483.364044189,483.018951416,484.578918457,484.673156738,484.664276123,484.674316406,484.64630127,484.659851074,484.579833984,484.600219727,484.615844727,483.018951416,484.628540039,484.628540039,484.67956543,484.67956543,483.040039062,483.820129395,483.989929199,484.122711182,484.459411621,484.123046875,484.359558105,484.4296875,484.515319824,484.468017578,484.520324707,484.459411621,484.578918457
484.655029297,484.594665527,484.593994141,484.664825439,483.759887695,484.606018066,482.938476562,482.889068604,483.191497803,482.889068604,484.511016846,484.59552002,484.64642334,484.634918213,484.521942139,484.610992432,484.595397949,484.617553711,484.616699219,483.507354736,484.629211426,484.629211426,484.67956543,484.67956543,483.257873535,483.539001465,483.507354736,484.342407227,484.535705566,484.232727051,484.488128662,484.375305176,484.501708984,484.421661377,484.511016846,484.508178711,484.521942139
484.588500977,484.558288574,484.552490234,484.626647949,483.633605957,484.57925415,482.913757324,482.901428223,483.418914795,483.204406738,484.465087891,484.622833252,484.622833252,484.585327148,484.613525391,484.613525391,484.605743408,484.513336182,484.607971191,483.204406738,484.617492676,484.590179443,484.67956543,484.67956543,483.311553955,483.472595215,483.418914795,484.475189209,484.585327148,484.411437988,484.481658936,484.428466797,484.465087891,484.416564941,484.463806152,484.513336182,484.558288574
484.601013184,484.558288574,484.508789062,484.613830566,483.465881348,484.544006348,483.01965332,482.980255127,483.311645508,483.01965332,484.463378906,484.583435059,484.606506348,484.585327148,484.58605957,484.611846924,484.608795166,484.548400879,484.520965576,483.392120361,484.611328125,484.645446777,484.662506104,484.662506104,483.418884277,483.405517578,483.465881348,484.494262695,484.539794922,484.494812012,484.510742188,484.461639404,484.463378906,484.463653564,484.463745117,484.520965576,484.58605957
484.593536377,484.572174072,484.486083984,484.60369873,483.349395752,484.515045166,483.01965332,482.999938965,483.358581543,483.232910156,484.522888184,484.594970703,484.62020874,484.538513184,484.606262207,484.613647461,484.61114502,484.534667969,484.52911377,483.375366211,484.611236572,484.638061523,484.650268555,484.650268555,483.397125244,483.963134766,483.349395752,484.22869873,484.538513184,484.51473999,484.369720459,484.415679932,484.452453613,484.489196777,484.458099365,484.473632812,484.522888184
484.599914551,484.547546387,484.504486084,484.601806641,483.349395752,484.509765625,483.126281738,483.063110352,483.354003906,483.29196167,484.498413086,484.579101562,484.608581543,484.538269043,484.543334961,484.59185791,484.601501465,484.504150391,484.51663208,483.486022949,484.606384277,484.608581543,484.650268555,484.650268555,483.680114746,483.347290039,483.347290039,484.399353027,484.468933105,484.515686035,484.419311523,484.417480469,484.449279785,484.502441406,484.480285645,484.543334961,484.498413086
484.579162598,484.522979736,484.501464844,484.586730957,483.348327637,484.505615234,483.209106445,483.136108398,483.350646973,483.439758301,484.47277832,484.575469971,484.592041016,484.503601074,484.595947266,484.585510254,484.59677124,484.523742676,484.52947998,483.364135742,484.595947266,484.606689453,484.628479004,484.628479004,483.515380859,483.439758301,483.882995605,484.481231689,484.322814941,484.354492188,484.386901855,484.402191162,484.465270996,484.452331543,484.47277832,484.422912598,484.422912598
